  3,0.659814814814815,3.65005389419806,4.51034366707325,0.430614279291393,0.424739648439646,282.630427638153,5.47852198019042,  816.0,"SS003ESF896489581_10FD0R6M1.IMG"
  3,0.660810185185185,3.65104913390485,5.19035126163959,0.414031798568964,0.412257965227366,327.315637139070,4.57531753122257,  816.0,"SS003ESF896489666_10FD0R6M1.IMG"
  3,0.661770833333333,3.65200965594874,4.77935598373890,0.410533722925425,0.403457463035822,313.902797357048,4.92762447478340,  816.0,"SS003ESF896489751_10FD0R6M1.IMG"
  3,0.662708333333333,3.65294703288438,5.69774389124393,0.445180693516970,0.443540374512911,303.804666617674,4.48124716027237,  816.0,"SS003ESF896489837_10FD0R6M1.IMG"
  3,0.663703703703704,3.65394227259514,6.81018535162449,0.480298778985262,0.479249737761736,329.901731615573,4.04423022664140,  816.0,"SS003ESF896489923_10FD0R6M1.IMG"
  5,0.481932870370370,5.47193502594490,6.56463341141224,0.484710474167109,0.483375330791712,62.5768676957283,4.23438134236137, 2040.0,"SS005ESF896651318_10FD0R6M1.IMG"
  5,0.482881944444444,5.47288397778390,7.13761972770214,0.511414295348882,0.510193592834234,71.7170466296181,4.10879419014338, 2040.0,"SS005ESF896651403_10FD0R6M1.IMG"
  5,0.483854166666667,5.47385607479096,6.43251143767834,0.470360543903112,0.469120767911674,43.7750647641434,4.19334631103061, 2040.0,"SS005ESF896651488_10FD0R6M1.IMG"
  5,0.484803240740741,5.47480502663240,4.84678072419643,0.413752372133970,0.411101158859967,54.9483606875095,4.89709640659950, 2040.0,"SS005ESF896651573_10FD0R6M1.IMG"
  5,0.485775462962963,5.47577712364195,6.35493960756779,0.478421948868991,0.476972364632845,98.9810689904461,4.31751038079596, 2040.0,"SS005ESF896651658_10FD0R6M1.IMG"
  5,0.553495370370371,5.54348831249987,6.10767105444431,0.448911465577364,0.447671689585924,20.0313286290944,4.21501856648634,  816.0,"SS005ESF896657671_11710R6M1.IMG"
  5,0.554432870370371,5.54442569184513,5.13927249079227,0.416513257899521,0.414548689790011,35.4014719605366,4.64864516332438,  816.0,"SS005ESF896657754_11710R6M1.IMG"
  5,0.556307870370371,5.54630045053917,5.55881268629551,0.438424868037462,0.436708255126238,47.6434722062662,4.52362982398722,  816.0,"SS005ESF896657920_11710R6M1.IMG"
  5,0.557245370370371,5.54723782988795,5.63668969203472,0.438408655582190,0.436787410054922,41.3044675484415,4.46083816481042,  816.0,"SS005ESF896658003_11710R6M1.IMG"
  6,0.544641203703704,6.53450723842759,3.45256679117680,0.374006107522249,0.365308602105379,189.166416314303,6.21888183114643,  816.0,"SS006ESF896745650_11280R6M1.IMG"
  6,0.545567129629630,6.53543304640298,4.21377017644405,0.388033696028471,0.385420629708053,186.509322291183,5.28368538832171,  816.0,"SS006ESF896745732_11280R6M1.IMG"
  6,0.546527777777778,6.53639357217864,3.29975009512425,0.379201722600222,0.367509681327103,156.739214536205,6.59891363770201,  816.0,"SS006ESF896745814_11280R6M1.IMG"
  6,0.547430555555556,6.53729623495686,1.92729899912357,0.625615783963441,0.487294930272341,180.939025097759,18.9417995266319,  816.0,"SS006ESF896745895_11280R6M1.IMG"
  6,0.548356481481481,6.53822204293564,5.66165687315464,0.425218392707110,0.423940469762087,172.465466651199,4.30725185824875,  816.0,"SS006ESF896745977_11280R6M1.IMG"
  7,0.588020833333333,7.57775466408891,2.34235692758083,0.509287602686643,0.446249761891126,12.3169492930442,12.5578519594722, 1224.0,"SS007ESF896838263_11430R6M1.IMG"
  7,0.588969907407408,7.57870361854972,2.21446926569462,0.551759467131854,0.471269395072221,332.418679284629,14.4278724685670, 1224.0,"SS007ESF896838348_11430R6M1.IMG"
  7,0.589930555555555,7.57966414562709,3.66496902872562,0.374669864514589,0.368623572371721,349.894345384125,5.86759958707065, 1224.0,"SS007ESF896838434_11430R6M1.IMG"
  7,0.590914351851852,7.58064781793647,2.29461601517201,0.569499707895518,0.471538331094979,39.2211161113387,14.3704046926400, 1224.0,"SS007ESF896838520_11430R6M1.IMG"
  7,0.591886574074074,7.58161991763167,2.90607353415012,0.422517588393450,0.392114466387988,313.457061924277,8.35993475941985, 1224.0,"SS007ESF896838606_11430R6M1.IMG"
  7,0.691469907407408,7.68119070713097,5.50966033660412,0.420613101735830,0.419201664453268,352.770523820821,4.37827814797246, 1275.0,"SS007ESF896847446_11500R6M1.IMG"
  7,0.692442129629630,7.68216280695176,6.55923561748028,0.464222699071646,0.463192731324912,359.418885972281,4.05843879047751, 1275.0,"SS007ESF896847532_11500R6M1.IMG"
  7,0.693402777777778,7.68312333415683,6.85683907585621,0.477176450834513,0.476222776994942,3.37390418747262,3.99051407191680, 1275.0,"SS007ESF896847618_11500R6M1.IMG"
  7,0.694398148148149,7.68411857921392,8.21012132768154,0.537325613569977,0.536753409266233,11.4000230388758,3.75250364213286, 1275.0,"SS007ESF896847706_11500R6M1.IMG"
  7,0.695358796296296,7.68507910642140,6.72002502683163,0.471785332619429,0.470774438349486,7.59421104077552,4.02581289566625, 1275.0,"SS007ESF896847792_11500R6M1.IMG"
  8,0.726840277777779,8.71643140853962,5.92950570773602,0.439984124765159,0.438725275296927,14.5811213688622,4.25540101816973, 1275.0,"SS008ESF896939351_118D0R6M1.IMG"
  8,0.727789351851852,8.71738036437525,5.07856161416531,0.404684841267347,0.402911007925749,348.303436234875,4.57045590277178, 1275.0,"SS008ESF896939436_118D0R6M1.IMG"
  8,0.728796296296297,8.71838718337284,6.87274635550022,0.477895520909548,0.476941847069978,6.94942872857206,3.98727210586696, 1275.0,"SS008ESF896939524_118D0R6M1.IMG"
  8,0.729780092592593,8.71937085710734,7.49055534224987,0.505009421842336,0.504227409293890,8.98438290015267,3.86578460247067, 1275.0,"SS008ESF896939611_118D0R6M1.IMG"
  8,0.730740740740741,8.72033138557867,6.57207206736088,0.465570240206958,0.464521198983430,9.45006622530030,4.06227613833666, 1275.0,"SS008ESF896939697_118D0R6M1.IMG"
  8,0.549004629629630,8.53861793570253,2.72703080750942,0.458750518580197,0.395235840864898,34.9610198894218,9.68454246574769, 1734.0,"SS008ESF896923564_11480R6M1.IMG"
  8,0.549976851851852,8.53959003658457,2.19810422260761,0.676997823091745,0.548251854749918,268.542119712821,17.9382417017422, 1734.0,"SS008ESF896923650_11480R6M1.IMG"
  8,0.550937500000000,8.54055056483823,1.76736789622784,0.851021364314794,0.570545888097525,45.2554837410537,28.7846626367058, 1734.0,"SS008ESF896923736_11480R6M1.IMG"
  8,0.551909722222222,8.54152266572265,2.86487482428074,0.404435932395219,0.370313482415438,350.530047063462,8.11558613525669, 1734.0,"SS008ESF896923822_11480R6M1.IMG"
  8,0.552881944444444,8.54249476660825,6.93965611208439,0.505197295588732,0.503900299166918,260.961125132677,4.17474590726469, 1734.0,"SS008ESF896923909_11480R6M1.IMG"
  9,0.624189814814814,9.61366965417717,3.76190043777943,0.378524614174128,0.372993305904626,343.600849580735,5.77490749869468, 1198.5,"SS009ESF897019003_11A90R6M1.IMG"
  9,0.625150462962964,9.61463018371999,2.95356649136066,0.394584481632472,0.371925191204309,16.4832826208562,7.67743754144523, 1198.5,"SS009ESF897019088_11A90R6M1.IMG"
  9,0.626122685185186,9.61560228590907,3.16379435255527,0.379098725825548,0.364278634358645,354.773154829518,6.88194945170652, 1198.5,"SS009ESF897019174_11A90R6M1.IMG"
  9,0.627071759259259,9.61655124280906,3.38449355250835,0.385956594405889,0.374321773563147,27.3248633193932,6.54806852920277, 1198.5,"SS009ESF897019259_11A90R6M1.IMG"
  9,0.628043981481481,9.61752334500044,2.69315631272793,0.467966822565793,0.410841759575606,23.2750208600859,10.0065918671662, 1198.5,"SS009ESF897019345_11A90R6M1.IMG"
  9,0.692465277777778,9.68193669042740,5.04134926094532,0.402881444036722,0.401088537218332,351.818809811618,4.58370295834859, 1428.0,"SS009ESF897025062_11AD0R6M1.IMG"
  9,0.693437500000000,9.68290879269732,6.09475831065655,0.444222251308202,0.443039695747138,357.126988515482,4.17976365946356, 1428.0,"SS009ESF897025148_11AD0R6M1.IMG"
  9,0.694409722222222,9.68388089496841,4.16416006330967,0.401098073956728,0.397359672505618,316.887661661283,5.52738406436934, 1428.0,"SS009ESF897025235_11AD0R6M1.IMG"
  9,0.695405092592592,9.68487614253287,2.93807882820606,0.438232225921870,0.385474989116907,33.6167373488873,8.57802146775786, 1428.0,"SS009ESF897025323_11AD0R6M1.IMG"
  9,0.696377314814814,9.68584824480632,3.04637802942753,0.393064325532199,0.373075321854830,22.5910238717983,7.41335686338001, 1428.0,"SS009ESF897025409_11AD0R6M1.IMG"
 10,0.530474537037037,10.5198429870577,3.79869317451000,0.386620351398229,0.380898308360814,207.749550331008,5.84151870527079,  637.5,"SS010ESF897099448_01030R6M1.IMG"
 10,0.531388888888889,10.5207572270352,3.33454011679173,0.411058243537188,0.394941155648469,235.514368758911,7.08102562065336,  637.5,"SS010ESF897099529_01030R6M1.IMG"
 10,0.532314814814814,10.5216830396717,3.33106874401569,0.420535854154825,0.402492345110178,246.539236048312,7.25274673067986,  637.5,"SS010ESF897099611_01030R6M1.IMG"
 10,0.533229166666667,10.5225972796513,2.18828138206005,0.651138956931829,0.518902542337179,238.561257132635,17.3109439019301,  637.5,"SS010ESF897099692_01030R6M1.IMG"
 10,0.534131944444445,10.5234999469739,3.35435745917797,0.390877551418066,0.378269983258962,213.853225227867,6.69178254736119,  637.5,"SS010ESF897099773_01030R6M1.IMG"
 11,0.522118055555556,11.5113657666580,4.92872038049221,0.398794951634169,0.396868530478239,185.519098946445,4.64101659191407, 2550.0,"SS011ESF897187472_11BB0R6M1.IMG"
 11,0.523101851851852,11.5123494437556,6.26252861251354,0.451237476072073,0.450150287894964,180.636075855456,4.13194542801716, 2550.0,"SS011ESF897187559_11BB0R6M1.IMG"
 11,0.524062499999999,11.5133099755109,7.24553745938778,0.493139997235060,0.492338911209821,170.664344148859,3.90263670382143, 2550.0,"SS011ESF897187645_11BB0R6M1.IMG"
 11,0.525057870370370,11.5143052252826,6.39983857193470,0.457149300203562,0.456062112026454,168.909937381756,4.09620508265988, 2550.0,"SS011ESF897187732_11BB0R6M1.IMG"
 11,0.526018518518519,11.5152657570401,3.55150091529369,0.376225306546926,0.368691283214330,162.788785524715,6.08099082746202, 2550.0,"SS011ESF897187818_11BB0R6M1.IMG"
 11,0.527002314814816,11.5162494341423,5.75381991301060,0.429578589501620,0.428319740033388,175.204405047299,4.28167093927568, 2550.0,"SS011ESF897187905_11BB0R6M1.IMG"
 11,0.527986111111112,11.5172331112456,4.67824748326778,0.393061464510679,0.390639132958174,153.825330920371,4.81961332363094, 2550.0,"SS011ESF897187992_11BB0R6M1.IMG"
 11,0.528981481481482,11.5182283610219,4.26816773225307,0.393500154476881,0.390982455540419,158.847169469398,5.28984834380249, 2550.0,"SS011ESF897188081_11BB0R6M1.IMG"
 11,0.529953703703704,11.5192004654557,3.96747437063694,0.383405516885041,0.379533601096391,161.633361282863,5.54555666875385, 2550.0,"SS011ESF897188167_11BB0R6M1.IMG"
 11,0.530949074074075,11.5201957152344,3.77143717617512,0.377036882984400,0.371963338157892,169.073312208876,5.73753926830406, 2550.0,"SS011ESF897188255_11BB0R6M1.IMG"
 12,0.468622685185185,12.4577562447981,5.20744109684467,0.410537537620784,0.408916292093516,159.456760732183,4.52170308479792, 1198.5,"SS012ESF897271486_11C50R6M1.IMG"
 12,0.469560185185186,12.4586936322540,4.85898774934292,0.398531737654448,0.396452728684185,156.869737425628,4.70465604068978, 1198.5,"SS012ESF897271569_11C50R6M1.IMG"
 12,0.470486111111111,12.4596194470264,4.22029330550671,0.391888445688009,0.389199085460425,160.129791284054,5.32805336258420, 1198.5,"SS012ESF897271652_11C50R6M1.IMG"
 12,0.471400462962963,12.4605336891150,4.50937091975689,0.402394116704703,0.386372396199942,150.151102601684,5.11960387702620, 1198.5,"SS012ESF897271736_11C50R6M1.IMG"
 12,0.472384259259259,12.4615173673127,3.60721454100132,0.382711242329836,0.375234439427613,151.292538648291,6.09031880312872, 1198.5,"SS012ESF897271820_11C50R6M1.IMG"
 12,0.648344907407408,12.6374569106229,3.96873322010517,0.417018705034494,0.410419282064676,250.312072272511,6.03154661441651,  647.7,"SS012ESF897287439_11D40R6M1.IMG"
 12,0.649282407407407,12.6383942982750,4.37434977755070,0.429288672654392,0.425416756865739,273.298858912560,5.63194163633810,  647.7,"SS012ESF897287523_11D40R6M1.IMG"
 12,0.650231481481482,12.6393432586152,5.36954657609463,0.418375782908202,0.416792684334516,337.320323853562,4.46881081409817,  647.7,"SS012ESF897287607_11D40R6M1.IMG"
 12,0.651180555555555,12.6402922189565,3.58117924518108,0.383850882568120,0.375687434501410,329.170772076988,6.15310358463771,  647.7,"SS012ESF897287691_11D40R6M1.IMG"
 12,0.652118055555556,12.6412296066117,3.12160382189274,0.381967376734972,0.365602333647966,350.710919483059,7.02847124430498,  647.7,"SS012ESF897287775_11D40R6M1.IMG"
 13,0.424965277777778,13.4139845606261,3.13289532015324,0.378965211488009,0.364145120021104,181.975753243774,6.94769793551862, 4335.0,"SS013ESF897356378_11D90R6M1.IMG"
 13,0.425960648148148,13.4149798126045,4.09372171351910,0.386074849961996,0.370549039853812,170.770026232381,5.41155055542187, 4335.0,"SS013ESF897356466_11D90R6M1.IMG"
 13,0.426967592592593,13.4159866372813,2.95854466880321,0.392334765044928,0.370648221933127,160.713126597168,7.62048252189806, 4335.0,"SS013ESF897356555_11D90R6M1.IMG"
 13,0.427951388888889,13.4169703165645,3.62279757153988,0.383490393856763,0.376356913536787,150.312970238466,6.07641558419969, 4335.0,"SS013ESF897356643_11D90R6M1.IMG"
 13,0.428969907407407,13.4179887139411,3.25706365406513,0.404475986696482,0.387252637153864,131.773817372718,7.13364933800871, 4335.0,"SS013ESF897356733_11D90R6M1.IMG"
 13,0.429976851851851,13.4189955386215,2.91570563992977,0.440718453621626,0.406367121920347,119.113231993628,8.69376638298479, 4335.0,"SS013ESF897356822_11D90R6M1.IMG"
 13,0.430995370370370,13.4200139360005,3.49956383799076,0.379598450917481,0.371244268082858,156.386579074564,6.22713782291888, 4335.0,"SS013ESF897356912_11D90R6M1.IMG"
 13,0.431990740740741,13.4210091879857,3.88833851542950,0.380554985778570,0.376377894361258,168.454264904712,5.61657754112243, 4335.0,"SS013ESF897357001_11D90R6M1.IMG"
 13,0.433032407407408,13.4220507307621,3.15772898693562,0.378108812380077,0.363918145647287,176.168737493351,6.87714031361107, 4335.0,"SS013ESF897357092_11D90R6M1.IMG"
 13,0.434016203703704,13.4230344100520,3.72037747880459,0.376849009238004,0.371355847922087,169.716457916211,5.81364461237548, 4335.0,"SS013ESF897357180_11D90R6M1.IMG"
 13,0.435069444444444,13.4240875255284,3.24470404110432,0.375934436025858,0.363822778263330,177.203775934148,6.65328479893283, 4080.0,"SS013ESF897357273_11D90R6M1.IMG"
 13,0.436041666666666,13.4250596321231,2.75367645458698,0.404140293504953,0.373794391929865,183.071959533473,8.43943605426871, 4080.0,"SS013ESF897357360_11D90R6M1.IMG"
 13,0.437048611111111,13.4260664568116,2.47180861456394,0.490087287274600,0.393499200803041,186.096234039804,11.4358539539382, 4080.0,"SS013ESF897357450_11D90R6M1.IMG"
 13,0.438043981481481,13.4270617088036,2.25669794331074,0.534187072963953,0.439964097614527,179.621067811003,13.6925500965865, 4080.0,"SS013ESF897357539_11D90R6M1.IMG"
 13,0.439039351851852,13.4280569607968,3.31521868480206,0.374977901164771,0.364258607208013,180.994795891480,6.49451193069656, 4080.0,"SS013ESF897357627_11D90R6M1.IMG"
 13,0.440046296296297,13.4290637854888,2.89094826705456,0.415409857267141,0.386074849961997,143.355027178903,8.26161761829064, 4080.0,"SS013ESF897357716_11D90R6M1.IMG"
 13,0.441030092592593,13.4300474647866,2.70049960129261,0.438846391874551,0.391029185558558,147.396601322259,9.35236203952467, 4080.0,"SS013ESF897357804_11D90R6M1.IMG"
 13,0.442025462962963,13.4310427167832,3.88078541862011,0.385861227021933,0.381188225208044,202.040977976867,5.70627014673013, 4080.0,"SS013ESF897357893_11D90R6M1.IMG"
 13,0.443020833333334,13.4320379687809,2.83319377933025,0.397187057540655,0.370789365661383,179.936136176432,8.05887399480004, 4080.0,"SS013ESF897357981_11D90R6M1.IMG"
 13,0.444027777777778,13.4330447934775,3.46607081274509,0.374204471680880,0.365907509276628,181.404941407369,6.19785597667786, 4080.0,"SS013ESF897358070_11D90R6M1.IMG"
 14,0.421087962962963,14.4099893267195,2.65684041291714,0.509333379030942,0.429529952135802,111.384818114565,11.0523860214724, 4442.1,"SS014ESF897444797_11F20R6M1.IMG"
 14,0.422083333333333,14.4109845798190,3.63376482069492,0.409253892632723,0.398839774304628,59.1075940136406,6.46667548454731, 4442.1,"SS014ESF897444886_11F20R6M1.IMG"
 14,0.423101851851852,14.4120029783405,3.18521386699200,0.401684583368063,0.383774588660955,39.5070515434793,7.24481175289926, 4442.1,"SS014ESF897444976_11F20R6M1.IMG"
 14,0.424097222222223,14.4129982314422,3.16568262675762,0.407173929988623,0.387337514125585,42.6289023666636,7.38992458371055, 4442.1,"SS014ESF897445065_11F20R6M1.IMG"
 14,0.425104166666667,14.4140050572555,3.98670043524265,0.397699180392503,0.392968958148240,38.6778359470532,5.72514737492119, 4442.1,"SS014ESF897445154_11F20R6M1.IMG"
 14,0.426099537037038,14.4150003103594,2.53364482632160,0.538955442161799,0.438819689007043,46.8796492995209,12.2817646233271, 4442.1,"SS014ESF897445243_11F20R6M1.IMG"
 14,0.427106481481481,14.4160071361749,2.81955624342442,0.466962604012727,0.408712205891848,52.4379361123971,9.53299994585413, 4442.1,"SS014ESF897445332_11F20R6M1.IMG"
 14,0.428125000000000,14.4170255347021,2.64478597558498,0.501215707308530,0.413039024101973,45.6896208076622,10.9242408702995, 4442.1,"SS014ESF897445421_11F20R6M1.IMG"
 14,0.429120370370370,14.4180207878094,2.48264234938145,0.602685650164843,0.458604606482744,91.8950305355057,14.0494808125988, 4442.1,"SS014ESF897445510_11F20R6M1.IMG"
 14,0.430127314814815,14.4190276136284,2.35834050113201,0.535359138112784,0.431179807878255,23.6049373802049,13.1209085397997, 4442.1,"SS014ESF897445599_11F20R6M1.IMG"
 14,0.431122685185185,14.4200228667379,2.63774786264896,0.439275545102357,0.381025146981479,350.243711293545,9.58637781050640, 4442.1,"SS014ESF897445688_11F20R6M1.IMG"
 14,0.432141203703704,14.4210412652697,2.50118176882267,0.582021445409059,0.452684199286699,100.872937505853,13.4560006593878, 4442.1,"SS014ESF897445777_11F20R6M1.IMG"
 14,0.433113425925926,14.4220133729602,2.10151613613605,0.574493144119501,0.480499050491572,188.731510861895,15.8649478918345, 4442.1,"SS014ESF897445867_11F20R6M1.IMG"
 14,0.434155092592592,14.4230549169155,2.36381458897114,0.524398564674617,0.427448082144021,197.414616556052,12.8173750635050, 4442.1,"SS014ESF897445956_11F20R6M1.IMG"
 14,0.435150462962962,14.4240501700295,1.26478178277493,1.782923756649730,0.742731699831724,117.099754628340,180.000000000000, 4442.1,"SS014ESF897446045_11F20R6M1.IMG"
 14,0.436157407407407,14.4250569958552,3.55970251031399,0.380144906027554,0.372343854019881,19.6549109950497,6.13037514371537, 4442.1,"SS014ESF897446134_11F20R6M1.IMG"
 14,0.437141203703703,14.4260406762608,4.13987952735424,0.395020310577154,0.391663378661871,27.5359612218219,5.47539661829944, 4442.1,"SS014ESF897446223_11F20R6M1.IMG"
 14,0.438159722222222,14.4270590747994,3.99812544784069,0.389782733850239,0.385624715909721,25.2947008251514,5.59473069974481, 4442.1,"SS014ESF897446312_11F20R6M1.IMG"
 14,0.439143518518518,14.4280427552072,3.67763381731510,0.392316645241976,0.384496519757509,37.0403362363377,6.12375832096700, 4442.1,"SS014ESF897446401_11F20R6M1.IMG"
 14,0.440162037037037,14.4290611537481,3.96720734196186,0.387702771206140,0.383487532835244,22.6435321249074,5.60828872160670, 4442.1,"SS014ESF897446490_11F20R6M1.IMG"
 15,0.505648148148149,15.4944223849749,2.76145843311787,0.452003276165248,0.401592077005625,222.303294831377,9.42072477482799, 2499.0,"SS015ESF897541069_12090R6M1.IMG"
 15,0.506620370370371,15.4953944938188,2.69515902779102,0.452579295164346,0.385040113846063,198.726211578263,9.66708206848169, 2499.0,"SS015ESF897541155_12090R6M1.IMG"
 15,0.507569444444444,15.4963434572150,2.88764855556965,0.410400208587886,0.382381271181345,208.329670868284,8.17069239504312, 2499.0,"SS015ESF897541241_12090R6M1.IMG"
 15,0.508541666666666,15.4973155660609,2.56160654329777,0.497457278706789,0.397531333796740,152.098082622727,11.1978405738477, 2499.0,"SS015ESF897541327_12090R6M1.IMG"
 15,0.509502314814815,15.4982761021835,4.96837413874149,0.399232687926531,0.397401634154557,173.930992638416,4.60895967714878, 2499.0,"SS015ESF897541413_12090R6M1.IMG"
 15,0.627465277777779,15.6162253165980,4.65520672330380,0.429789351420165,0.419565967859984,298.078774155647,5.29734456953914, 1020.0,"SS015ESF897551883_12100R6M1.IMG"
 15,0.628437500000000,15.6171974255710,3.94391862679958,0.389551944781064,0.384859869490385,328.559259529637,5.66850809426033, 1020.0,"SS015ESF897551968_12100R6M1.IMG"
 15,0.629398148148148,15.6181579618192,4.38993280808926,0.412062462090254,0.409201440571547,312.411548584109,5.38601579283995, 1020.0,"SS015ESF897552054_12100R6M1.IMG"
 15,0.630381944444444,15.6191416435202,3.64505631895542,0.393396204028367,0.385022947716951,317.166356418273,6.19577003583757, 1020.0,"SS015ESF897552140_12100R6M1.IMG"
 15,0.631354166666666,15.6201137524963,3.15349467508793,0.397352043114901,0.378736329766512,325.476419346583,7.23872271821690, 1020.0,"SS015ESF897552228_12100R6M1.IMG"
 15,0.632337962962962,15.6210974341993,3.57036458384037,0.406255542081117,0.395040337727786,301.970952634241,6.53357664994784, 1020.0,"SS015ESF897552314_12100R6M1.IMG"
 15,0.633287037037038,15.6220463977256,4.29862807468891,0.427467155620813,0.423099329435587,275.539085649765,5.70707922478996, 1020.0,"SS015ESF897552399_12100R6M1.IMG"
 15,0.634282407407408,15.6230416521567,4.39260309484005,0.430659101961852,0.426749039219618,267.246802557549,5.62642481676311, 1020.0,"SS015ESF897552485_12100R6M1.IMG"
 15,0.635208333333333,15.6239674702331,4.51455890544414,0.433876797496557,0.430672453395607,275.725152552844,5.51498787779221, 1020.0,"SS015ESF897552570_12100R6M1.IMG"
 15,0.636168981481482,15.6249280064884,2.29665687718868,0.632467930500746,0.526819942553281,285.407951601803,15.9850387909411, 1020.0,"SS015ESF897552655_12100R6M1.IMG"
 16,0.482453703703705,16.4711145442973,2.98622028362751,0.405334293152095,0.381168198057413,211.523906568461,7.80111737404704, 3621.0,"SS016ESF897627776_12230R6M1.IMG"
 16,0.483437500000001,16.4720982269034,4.84647554856777,0.413393790770293,0.409006891108273,226.454872318771,4.89315079904229, 3621.0,"SS016ESF897627863_12230R6M1.IMG"
 16,0.484421296296297,16.4730819095104,4.99479090409756,0.414858633787869,0.412607963526487,221.258969563955,4.76437638824855, 3621.0,"SS016ESF897627951_12230R6M1.IMG"
 16,0.485428240740742,16.4740887375917,5.28791209542751,0.430105971134901,0.428122329548597,233.146245736958,4.66545399088016, 3621.0,"SS016ESF897628039_12230R6M1.IMG"
 16,0.486412037037038,16.4750724202008,4.46695150737286,0.404564678363561,0.391651934575797,204.345346399290,5.19630791342063, 3621.0,"SS016ESF897628127_12230R6M1.IMG"
 16,0.559131944444445,16.5477839269822,4.97813975885868,0.430219458321811,0.427320289849518,272.730986373020,4.95778497229257, 2116.5,"SS016ESF897634582_12290R6M1.IMG"
 16,0.560104166666665,16.5487560369312,4.71832085800648,0.430389212265253,0.416465574207543,234.024107860610,5.23360136894055, 2116.5,"SS016ESF897634669_12290R6M1.IMG"
 16,0.561087962962962,16.5497397196187,3.76584864747524,0.411223229111433,0.402525723694562,240.888224629418,6.26908721444935, 2116.5,"SS016ESF897634756_12290R6M1.IMG"
 16,0.562071759259258,16.5507234023073,3.63338335115910,0.408910570050478,0.398534598675966,237.416634867211,6.46190873111491, 2116.5,"SS016ESF897634843_12290R6M1.IMG"
 16,0.563067129629630,16.5517186577344,3.96550980252743,0.390803164858579,0.386187383475064,207.821280600612,5.65571070732572, 2116.5,"SS016ESF897634932_12290R6M1.IMG"
 17,0.703842592592594,17.6923630745786,4.18302373185635,0.394507234051465,0.391226596043350,331.721440856627,5.41169363014388, 1606.5,"SS017ESF897736191_12460R6M1.IMG"
 17,0.704803240740741,17.6933236129471,3.28534962014675,0.428549575428725,0.407568750958203,284.560241830345,7.49516972845404, 1606.5,"SS017ESF897736277_12460R6M1.IMG"
 17,0.705775462962961,17.6942957240679,4.13686591802120,0.419913105137586,0.414591605112792,287.994571211628,5.82584903885994, 1606.5,"SS017ESF897736363_12460R6M1.IMG"
 17,0.706736111111113,17.6952562624383,4.24247575901508,0.402992070202112,0.399616064810038,319.703779277097,5.45073472603918, 1606.5,"SS017ESF897736448_12460R6M1.IMG"
 17,0.707696759259260,17.6962168008097,4.43651023841381,0.418625645454169,0.415612036121129,304.592803219422,5.41444014906557, 1606.5,"SS017ESF897736534_12460R6M1.IMG"
 18,0.660775462962963,18.6491870610897,5.16790177945614,0.422961046728848,0.420882037758590,310.904127797424,4.69455894641083,  867.0,"SS018ESF897821135_125B0R6M1.IMG"
 18,0.661724537037038,18.6501360276389,2.63378057947636,0.568948484416246,0.463205129084826,271.618650384064,12.4753575908341,  867.0,"SS018ESF897821219_125B0R6M1.IMG"
 18,0.662673611111110,18.6510849941890,2.61657630341053,0.564464310022593,0.477222227178812,276.361084871844,12.4581408802226,  867.0,"SS018ESF897821303_125B0R6M1.IMG"
 18,0.663622685185185,18.6520339607400,1.98455757645130,0.616958332847834,0.476825498861552,353.985442377274,18.1122432272575,  867.0,"SS018ESF897821388_125B0R6M1.IMG"
 18,0.664560185185184,18.6529713545291,2.25995950784206,0.576082918410063,0.485674638418912,222.368239303462,14.7681642075718,  867.0,"SS018ESF897821472_125B0R6M1.IMG"
 18,0.745219907407407,18.7336219420162,6.14024855280399,0.448423184571505,0.447240629010438,345.432556410213,4.18804694494468, 1887.0,"SS018ESF897828628_12660R6M1.IMG"
 18,0.746145833333333,18.7345477631190,5.12048511615276,0.410996254737615,0.409127054012059,333.419493454009,4.60380390379857, 1887.0,"SS018ESF897828713_12660R6M1.IMG"
 18,0.747083333333332,18.7354851569866,5.01733575366497,0.404141247178792,0.402252972976447,344.782112078775,4.62012146632140, 1887.0,"SS018ESF897828797_12660R6M1.IMG"
 18,0.748043981481480,18.7364456963826,4.76148413598537,0.406645594681501,0.392493074902295,344.227977665495,4.89920616115173, 1887.0,"SS018ESF897828882_12660R6M1.IMG"
 18,0.749016203703704,18.7374178085434,4.78938863253117,0.409986314141512,0.394994561383486,338.999684436470,4.91070396223797, 1887.0,"SS018ESF897828965_12660R6M1.IMG"
 19,0.725925925925925,19.7142174185055,4.97823512624264,0.401633084980726,0.399725737301586,351.861216592705,4.62752706631458, 1275.0,"SS019ESF897915681_12840R6M1.IMG"
 19,0.726886574074076,19.7151779588424,4.99118601698399,0.403329670741320,0.401403249585389,344.404772723828,4.63503311044994, 1275.0,"SS019ESF897915767_12840R6M1.IMG"
 19,0.727835648148147,19.7161269264051,4.85616487477780,0.406782923714400,0.399611296440838,332.999889750908,4.80508557608801, 1275.0,"SS019ESF897915852_12840R6M1.IMG"
 19,0.728796296296295,19.7170874667438,5.30727167437077,0.414041335307361,0.412458236733675,351.992688454931,4.47441778314864, 1275.0,"SS019ESF897915937_12840R6M1.IMG"
 19,0.729745370370370,19.7180364343083,4.31667158373356,0.398061576451539,0.395448510131122,334.147480711303,5.29104337074541, 1275.0,"SS019ESF897916023_12840R6M1.IMG"
 19,0.730706018518518,19.7189969746488,5.05733283449650,0.406408129895449,0.404558002646685,341.627645836555,4.60926865247277, 1275.0,"SS019ESF897916108_12840R6M1.IMG"
 19,0.731701388888890,19.7199922333158,4.78692815402508,0.411713417464971,0.397961440698385,330.657038417914,4.93398290088581, 1275.0,"SS019ESF897916196_12840R6M1.IMG"
 19,0.732662037037038,19.7209527736582,4.31266615360737,0.397765937561272,0.395133797764063,334.795141236426,5.29202698808934, 1275.0,"SS019ESF897916282_12840R6M1.IMG"
 19,0.733634259259258,19.7219248867767,4.13146812408924,0.389964885553599,0.386703321022271,339.774306342493,5.41615045816989, 1275.0,"SS019ESF897916368_12840R6M1.IMG"
 19,0.734594907407406,19.7228854271210,4.03123700355053,0.388939686176061,0.385029623433828,335.533245950710,5.53659372249521, 1275.0,"SS019ESF897916454_12840R6M1.IMG"
 19,0.735567129629629,19.7238575402414,4.40234964148045,0.399236502621890,0.396985832360506,338.803941117465,5.20313902988146, 1275.0,"SS019ESF897916540_12840R6M1.IMG"
 19,0.736539351851853,19.7248296533627,4.55785569776058,0.404532253453017,0.402701199681045,340.114754449568,5.09198431496835, 1275.0,"SS019ESF897916626_12840R6M1.IMG"
 19,0.737523148148149,19.7258133392602,4.30152724316120,0.398277106739283,0.395568673034905,332.716019546322,5.31260811982179, 1275.0,"SS019ESF897916711_12840R6M1.IMG"
 19,0.738472222222221,19.7267623068328,4.81700702692509,0.406675158570527,0.393705194352389,353.464063139584,4.84295307089157, 1275.0,"SS019ESF897916796_12840R6M1.IMG"
 19,0.739432870370372,19.7277228471816,5.09029180239201,0.405671893691302,0.403898060349703,359.650609600629,4.57104683860691, 1275.0,"SS019ESF897916881_12840R6M1.IMG"
 19,0.740393518518520,19.7286833875314,4.59171111906529,0.403688252104998,0.397413078240632,349.249226752854,5.04376969315863, 1275.0,"SS019ESF897916966_12840R6M1.IMG"
 19,0.741354166666667,19.7296439278820,4.75990103741169,0.405784427204370,0.394168679838419,338.137583407948,4.89043559344777, 1275.0,"SS019ESF897917051_12840R6M1.IMG"
 19,0.742303240740739,19.7305928954582,4.07037577792644,0.385956594405889,0.382504295106650,347.803387056329,5.44101018836966, 1275.0,"SS019ESF897917136_12840R6M1.IMG"
 19,0.743275462962963,19.7315650085860,4.08294519913197,0.385745832487345,0.382407974048853,351.033148928003,5.42123873147376, 1275.0,"SS019ESF897917221_12840R6M1.IMG"
 20,0.511898148148148,20.5001017359625,4.09519037123203,0.387426205792666,0.384069273877383,190.675788633094,5.42859571573842, 2550.0,"SS020ESF897985450_129D0R6M1.IMG"
 20,0.512893518518517,20.5010969953908,4.74462318250179,0.412916953850508,0.408854303293942,198.966450856343,4.99267584347027, 2550.0,"SS020ESF897985538_129D0R6M1.IMG"
 20,0.513888888888889,20.5020922548200,5.91514337971211,0.453151499468089,0.451644694801568,227.757620120291,4.39366053804510, 2550.0,"SS020ESF897985627_129D0R6M1.IMG"
 20,0.514872685185186,20.5030759414661,4.63689618558407,0.414187247404812,0.412260826248885,210.762748888480,5.12473255989590, 2550.0,"SS020ESF897985714_129D0R6M1.IMG"
 20,0.515844907407406,20.5040480553291,3.20411568249226,0.388553448271036,0.372836903394938,200.771156576120,6.96522951291244, 2550.0,"SS020ESF897985800_129D0R6M1.IMG"
 20,0.516817129629629,20.5050201691930,3.06085479831219,0.392395800170660,0.369488554544211,168.068381223881,7.36548037043580, 2550.0,"SS020ESF897985887_129D0R6M1.IMG"
 20,0.517789351851853,20.5059922830578,3.22566871126652,0.379293275288821,0.365827400674104,173.024917815976,6.75280048485772, 2550.0,"SS020ESF897985973_129D0R6M1.IMG"
 20,0.518761574074073,20.5069643969235,4.72968865017414,0.410033997833491,0.391780680544137,190.268245853921,4.97342374893258, 2550.0,"SS020ESF897986060_129D0R6M1.IMG"
 20,0.519745370370369,20.5079480835743,4.08969720991612,0.412786300534487,0.407693682231188,235.610036934784,5.79291184713562, 2550.0,"SS020ESF897986146_129D0R6M1.IMG"
 20,0.520717592592593,20.5089201974419,2.50581662368297,0.503079185991048,0.423619081678153,202.206164715733,11.5816723016476, 2550.0,"SS020ESF897986233_129D0R6M1.IMG"
 20,0.521701388888889,20.5099038840945,2.82247448537350,0.446852483757734,0.390490359839201,211.177426501684,9.10936197745752, 2550.0,"SS020ESF897986319_129D0R6M1.IMG"
 20,0.522696759259258,20.5108991435322,4.72442437057972,0.398402991686107,0.391689127855538,194.231697840235,4.83740446158427, 2550.0,"SS020ESF897986408_129D0R6M1.IMG"
 20,0.523668981481482,20.5118712574026,4.80413243009090,0.412058647394897,0.396590057717085,186.208351483606,4.92040259205306, 2550.0,"SS020ESF897986495_129D0R6M1.IMG"
 20,0.524652777777778,20.5128549440580,4.66666988285542,0.400321783451319,0.387504407047511,181.255333436265,4.92106229095414, 2550.0,"SS020ESF897986582_129D0R6M1.IMG"
 20,0.525636574074074,20.5138386307144,4.00480116471767,0.386969396023511,0.382983039374114,196.689010696091,5.54493460614008, 2550.0,"SS020ESF897986669_129D0R6M1.IMG"
 20,0.526608796296298,20.5148107445875,2.86792658056736,0.444490233657122,0.398637595450640,222.365547916838,8.91601998550350, 2550.0,"SS020ESF897986755_129D0R6M1.IMG"
 20,0.527581018518518,20.5157828584616,3.44138973377705,0.383746932119608,0.373332813791513,201.832435768096,6.40232694298218, 2550.0,"SS020ESF897986842_129D0R6M1.IMG"
 20,0.528541666666666,20.5167433995523,3.79152154723644,0.378460718026876,0.373310879293203,180.236435993764,5.72866925297754, 2550.0,"SS020ESF897986928_129D0R6M1.IMG"
 20,0.529525462962962,20.5177270862124,4.57612808852673,0.402298749320746,0.400582136409522,176.248587616424,5.04352467313946, 2550.0,"SS020ESF897987015_129D0R6M1.IMG"
 20,0.530543981481483,20.5187454912262,5.89832057318211,0.438844484526874,0.437566561581849,165.882167097211,4.26684041308080, 2550.0,"SS020ESF897987104_129D0R6M1.IMG"
 21,0.462465277777778,21.4505633512258,4.25103975009441,0.396954361123801,0.393978898744346,152.363686072581,5.35798149187460, 1989.0,"SS021ESF898069829_12BA0R6M1.IMG"
 21,0.463437500000001,21.4515354659711,3.87927861395359,0.383497069573641,0.378804994282960,160.999632404186,5.67340311053391, 1989.0,"SS021ESF898069915_12BA0R6M1.IMG"
 21,0.464386574074073,21.4524844351282,3.76752711343288,0.384547064471007,0.378710580572844,154.126359819538,5.85831509396233, 1989.0,"SS021ESF898070000_12BA0R6M1.IMG"
 21,0.465335648148148,21.4534334042861,4.47925389990330,0.410882767550707,0.394727532708406,213.688893982703,5.26315092061565, 1989.0,"SS021ESF898070084_12BA0R6M1.IMG"
 21,0.466307870370372,21.4544055190342,4.68080332915783,0.398796858981848,0.396164719184638,211.400939988319,4.88743256641303, 1989.0,"SS021ESF898070170_12BA0R6M1.IMG"
 21,0.467303240740741,21.4554007793723,5.22174620443821,0.410470780452014,0.408830461447954,179.751180863817,4.50855531937010, 1989.0,"SS021ESF898070255_12BA0R6M1.IMG"
 21,0.468252314814816,21.4563497485329,5.84752790448666,0.435408397682907,0.434111401261090,179.027649191973,4.27021026998916, 1989.0,"SS021ESF898070340_12BA0R6M1.IMG"
 21,0.469224537037036,21.4573218632836,6.24328347443104,0.451228893007517,0.450103557876825,171.745510669334,4.14462554741302, 1989.0,"SS021ESF898070426_12BA0R6M1.IMG"
 21,0.470173611111111,21.4582708324459,4.43382087818623,0.399608435419320,0.397510352972269,162.695395882398,5.17093230582556, 1989.0,"SS021ESF898070511_12BA0R6M1.IMG"
 21,0.471134259259259,21.4592313744036,3.22088126859188,0.379244637923002,0.365893204169035,182.517208749428,6.76201326462120, 1989.0,"SS021ESF898070596_12BA0R6M1.IMG"
 21,0.472083333333334,21.4601803435676,3.50152840610027,0.377732111213444,0.369282560994865,165.501273857331,6.19291099583126, 1989.0,"SS021ESF898070681_12BA0R6M1.IMG"
 21,0.473043981481482,21.4611408855272,3.93350450847149,0.385140249599217,0.380638909076453,159.803865097826,5.61899005398661, 1989.0,"SS021ESF898070766_12BA0R6M1.IMG"
 21,0.474004629629629,21.4621014274876,3.77387858120441,0.382938216703655,0.377254320619820,157.886682200567,5.82386797394661, 1989.0,"SS021ESF898070851_12BA0R6M1.IMG"
 21,0.474942129629628,21.4630388238594,3.73605587672710,0.378109766053914,0.372483090400457,172.822401102913,5.80859834162016, 1989.0,"SS021ESF898070936_12BA0R6M1.IMG"
 21,0.475925925925925,21.4640225114110,3.55249273608684,0.376332118016958,0.368550139486075,174.432517952141,6.08101911048433, 1989.0,"SS021ESF898071023_12BA0R6M1.IMG"
 21,0.476921296296297,21.4650177717582,2.85142802314281,0.472752357892752,0.398232284068823,141.871588503709,9.54341765784217, 1989.0,"SS021ESF898071109_12BA0R6M1.IMG"
 21,0.477870370370372,21.4659667409274,3.15624125574589,0.420644572972536,0.397947135590791,123.146021685453,7.65881956056484, 1989.0,"SS021ESF898071194_12BA0R6M1.IMG"
 21,0.478819444444444,21.4669157100974,3.35384247530460,0.381295990351916,0.369661169509172,161.649880707067,6.52803143537045, 1989.0,"SS021ESF898071279_12BA0R6M1.IMG"
 21,0.479780092592591,21.4678762520631,3.25784566661358,0.382313560338735,0.369000273538351,161.874349619698,6.73928321668521, 1989.0,"SS021ESF898071364_12BA0R6M1.IMG"
 21,0.480740740740743,21.4688367940296,3.14086803345203,0.385104963667155,0.368644553196192,166.403742340940,7.04281475719529, 1989.0,"SS021ESF898071449_12BA0R6M1.IMG"
 21,0.481701388888890,21.4697973359970,5.17385270421505,0.410136040934325,0.408419428023100,192.453136814936,4.54665918163910, 1989.0,"SS021ESF898071535_12BA0R6M1.IMG"
 21,0.482673611111110,21.4707694507601,4.81614872046947,0.395588700185536,0.393490617738486,187.140151018307,4.71146719917082, 1989.0,"SS021ESF898071621_12BA0R6M1.IMG"
 21,0.483634259259258,21.4717299927292,3.01984682321072,0.388323612875700,0.368582564396621,182.435393547069,7.38815029433356, 1989.0,"SS021ESF898071706_12BA0R6M1.IMG"
 21,0.484571759259261,21.4726673891096,4.44637122591496,0.403344929522753,0.388791866730929,200.811886562296,5.20464303247818, 1989.0,"SS021ESF898071791_12BA0R6M1.IMG"
 21,0.485555555555557,21.4736510766702,3.73172619749546,0.379018617223024,0.373296574185609,187.825058711299,5.82938748774532, 1989.0,"SS021ESF898071877_12BA0R6M1.IMG"
 21,0.486504629629629,21.4746000458471,4.44635215243816,0.400349439992666,0.398270431022406,193.614985503836,5.16590686994600, 1989.0,"SS021ESF898071962_12BA0R6M1.IMG"
 21,0.487476851851852,21.4755721606146,3.39927549702167,0.380554032104730,0.369872885101556,193.926053577529,6.42782394929244, 1989.0,"SS021ESF898072047_12BA0R6M1.IMG"
 21,0.488414351851851,21.4765095569984,4.54692659555912,0.402669728444338,0.387124844859361,168.865702324511,5.08069330444955, 1989.0,"SS021ESF898072133_12BA0R6M1.IMG"
 21,0.489409722222224,21.4775048173574,3.00557986257076,0.391997164505720,0.371073560465575,165.061966806654,7.49404465928704, 1989.0,"SS021ESF898072219_12BA0R6M1.IMG"
 21,0.490370370370371,21.4784653593326,4.39721887622356,0.396614853236914,0.391770190131903,172.567068270748,5.17492609168974, 1989.0,"SS021ESF898072304_12BA0R6M1.IMG"
 21,0.491319444444443,21.4794143285139,4.72160149601460,0.403354466261149,0.390079326414347,173.494805548986,4.90060646019873, 1989.0,"SS021ESF898072389_12BA0R6M1.IMG"
 21,0.492291666666667,21.4803864432858,5.57689434229374,0.424527932847261,0.423116495564701,169.819511775796,4.36572938619785, 1989.0,"SS021ESF898072474_12BA0R6M1.IMG"
 21,0.493240740740742,21.4813354124688,2.89726158787250,0.414562041223765,0.379504990881205,155.047300769180,8.22654866659991, 1989.0,"SS021ESF898072559_12BA0R6M1.IMG"
 21,0.494212962962962,21.4823075272424,3.78997659561634,0.380176377264261,0.374873950716256,188.676256984130,5.75708004657624, 1989.0,"SS021ESF898072644_12BA0R6M1.IMG"
 21,0.495196759259258,21.4832912148120,2.60459815998554,0.510879284324885,0.407100497102975,213.475789438369,11.3116275513304, 1989.0,"SS021ESF898072731_12BA0R6M1.IMG"
 21,0.496168981481482,21.4842633295874,3.03369416736126,0.390293903028250,0.370629148456336,191.806406181249,7.39176217629011, 1989.0,"SS021ESF898072818_12BA0R6M1.IMG"
 21,0.497141203703706,21.4852354443638,2.41777345481396,0.505848654821157,0.437088770988226,192.592313013119,12.0766968908288, 1989.0,"SS021ESF898072904_12BA0R6M1.IMG"
 21,0.498101851851853,21.4861959863461,3.36257812767506,0.377422167215586,0.366760093689202,184.295636181454,6.44456763590199, 1989.0,"SS021ESF898072990_12BA0R6M1.IMG"
 21,0.499062500000001,21.4871565283293,5.11798649069309,0.415487104848145,0.413503463261842,213.082263005064,4.65649604315676, 1989.0,"SS021ESF898073077_12BA0R6M1.IMG"
 21,0.500046296296297,21.4881402159033,5.15619066470623,0.408470926410436,0.406773386976003,187.136438588427,4.54370488463838, 1989.0,"SS021ESF898073162_12BA0R6M1.IMG"
 21,0.501006944444445,21.4891007578882,4.14781409369946,0.388474293342352,0.385422537055731,185.959451488656,5.37406118822614, 1989.0,"SS021ESF898073247_12BA0R6M1.IMG"
 21,0.501956018518520,21.4900497270790,4.69632913926601,0.417559438101530,0.404208004347563,211.864596925332,5.10101126347447, 1989.0,"SS021ESF898073332_12BA0R6M1.IMG"
 21,0.502893518518519,21.4909871234757,4.08063730844021,0.399325194288968,0.395186249825240,215.247787340430,5.61586876196494, 1989.0,"SS021ESF898073418_12BA0R6M1.IMG"
 21,0.503877314814815,21.4919708110532,2.37527774852276,0.575306627904654,0.488713043271779,228.639191989709,14.0167795479537, 1989.0,"SS021ESF898073504_12BA0R6M1.IMG"
 21,0.504849537037035,21.4929429258367,2.50888745344639,0.495164646796464,0.438630861586810,200.572121948043,11.3828686835030, 1989.0,"SS021ESF898073590_12BA0R6M1.IMG"
 21,0.505844907407408,21.4939381862112,4.29591964098453,0.404538929169892,0.401544393313646,213.793241911835,5.40344534383375, 1989.0,"SS021ESF898073676_12BA0R6M1.IMG"
 21,0.506770833333334,21.4948640098162,3.78524637337208,0.393977945070506,0.387359448623895,215.700762688800,5.97430864483435, 1989.0,"SS021ESF898073762_12BA0R6M1.IMG"
 21,0.507777777777779,21.4958708429875,3.63538606622219,0.378474069460630,0.371722058676482,190.131930465359,5.97579761929999, 1989.0,"SS021ESF898073848_12BA0R6M1.IMG"
 21,0.508726851851851,21.4968198121844,3.01467791100025,0.389381237163782,0.369029837427378,176.567828828967,7.42115886646227, 1989.0,"SS021ESF898073934_12BA0R6M1.IMG"
 21,0.509675925925926,21.4977687813821,2.55681910062313,0.475016379587889,0.431071089060545,165.956656436897,10.7068515668188, 1989.0,"SS021ESF898074020_12BA0R6M1.IMG"
 21,0.510648148148150,21.4987408961709,2.39162371813297,0.504503021033526,0.447168149798631,194.260029887656,12.1777853322603, 1989.0,"SS021ESF898074106_12BA0R6M1.IMG"
 21,0.511620370370370,21.4997130109606,2.23117763136387,0.526407001780748,0.452077662724733,182.326913295110,13.6465885051391, 1989.0,"SS021ESF898074192_12BA0R6M1.IMG"
 21,0.512592592592593,21.5006851257511,2.87576577952862,0.437500758086919,0.374443843814612,184.435087479734,8.75059527053172, 1989.0,"SS021ESF898074278_12BA0R6M1.IMG"
 21,0.513576388888890,21.5016688133378,2.73908524484158,0.477148794293165,0.394999329752684,205.806430119478,10.0321094957385, 1989.0,"SS021ESF898074365_12BA0R6M1.IMG"
 21,0.514548611111110,21.5026409281301,4.66834834881306,0.403438389559031,0.387912579450846,174.931522913979,4.95768199918425, 1989.0,"SS021ESF898074451_12BA0R6M1.IMG"
 21,0.515509259259261,21.5036014701282,5.34343498636722,0.419378094113588,0.417718701632738,199.442930718178,4.50147372977470, 1989.0,"SS021ESF898074538_12BA0R6M1.IMG"
 21,0.516493055555557,21.5045851577176,4.47568715974331,0.407633600779294,0.405382930517913,146.685730070629,5.22558765757219, 1989.0,"SS021ESF898074624_12BA0R6M1.IMG"
 21,0.517488425925926,21.5055804181030,4.49603855947971,0.401441396538973,0.389406032683611,190.039250560278,5.12263614364586, 1989.0,"SS021ESF898074712_12BA0R6M1.IMG"
 21,0.518449074074074,21.5065409601037,3.75825740371227,0.386029073617698,0.379772973230124,203.957936674165,5.89552868549816, 1989.0,"SS021ESF898074798_12BA0R6M1.IMG"
 21,0.519421296296297,21.5075130749006,3.27186467205524,0.386390516002893,0.372733906620264,201.425523220563,6.78216630060293, 1989.0,"SS021ESF898074884_12BA0R6M1.IMG"
 21,0.520405092592593,21.5084967624936,2.02224676659107,0.648425754858255,0.506461867100001,212.125805865103,18.7020092248308, 1989.0,"SS021ESF898074971_12BA0R6M1.IMG"
 21,0.521365740740741,21.5094573044970,3.98303832769871,0.383230040898561,0.379415345540285,181.752570531884,5.52128357474581, 1989.0,"SS021ESF898075057_12BA0R6M1.IMG"
 21,0.522372685185186,21.5104641376822,5.48303376300335,0.421761325038672,0.420273593848944,188.001281880077,4.41161570816114, 1989.0,"SS021ESF898075144_12BA0R6M1.IMG"
 21,0.523344907407406,21.5114362524827,5.37170187897205,0.420162014009714,0.418540768482448,199.108701555242,4.48612478082288, 1989.0,"SS021ESF898075230_12BA0R6M1.IMG"
 21,0.574143518518518,21.5622292520481,5.88424434731007,0.462745458294154,0.460990698429346,251.693606563919,4.51048003150905, 1912.5,"SS021ESF898079741_12BD0R6M1.IMG"
 21,0.575115740740742,21.5632013668961,5.81273788281918,0.459894927187682,0.458082946892501,251.061650528489,4.53789716729645, 1912.5,"SS021ESF898079828_12BD0R6M1.IMG"
 21,0.576099537037038,21.5641850545408,5.12861041726589,0.437342448229549,0.434653088001967,266.354000670316,4.89184081074070, 1912.5,"SS021ESF898079914_12BD0R6M1.IMG"
 21,0.577060185185186,21.5651455965947,5.56453472933292,0.449849880635499,0.447847165572405,285.635053502067,4.63698377461689, 1912.5,"SS021ESF898080000_12BD0R6M1.IMG"
 21,0.578043981481482,21.5661292842412,5.87196102825642,0.464401036079645,0.462569982307673,264.722924419153,4.53613983676963, 1912.5,"SS021ESF898080087_12BD0R6M1.IMG"
 21,0.579016203703702,21.5671013990928,5.14947680087566,0.427094269149540,0.424824525411367,302.549537609220,4.75753996437345, 1912.5,"SS021ESF898080173_12BD0R6M1.IMG"
 21,0.579976851851853,21.5680619411494,4.59878737895489,0.413731391309501,0.409840402044056,323.789427097386,5.16161214420934, 1912.5,"SS021ESF898080259_12BD0R6M1.IMG"
 21,0.580949074074074,21.5690340560027,4.73537254625797,0.418481640704395,0.399579825204132,323.497492553414,5.07004500167117, 1912.5,"SS021ESF898080345_12BD0R6M1.IMG"
 21,0.581921296296297,21.5700061708569,4.12307579430103,0.397613349746943,0.393741433958291,324.412272485233,5.53398183445224, 1912.5,"SS021ESF898080431_12BD0R6M1.IMG"
 21,0.582893518518517,21.5709782857120,6.13168456172466,0.474926734246970,0.473248268289327,270.048579816087,4.44226681551150, 1912.5,"SS021ESF898080517_12BD0R6M1.IMG"
 21,0.583842592592593,21.5719272549762,6.09544495582104,0.473782325639486,0.472065712728262,266.928722554473,4.45794130894613, 1912.5,"SS021ESF898080602_12BD0R6M1.IMG"
 21,0.584849537037037,21.5729340882208,3.61902102313519,0.411148842551947,0.400086226012945,237.890726518900,6.52332882752186, 1912.5,"SS021ESF898080690_12BD0R6M1.IMG"
 21,0.585798611111112,21.5738830574868,2.98030750582218,0.418390088015796,0.390905207959414,317.142921859230,8.07011774143342, 1912.5,"SS021ESF898080776_12BD0R6M1.IMG"
 21,0.586817129629630,21.5749014635292,4.09149011673451,0.424854089300395,0.418693356296777,273.521163370435,5.96025020030606, 1912.5,"SS021ESF898080865_12BD0R6M1.IMG"
 21,0.587766203703705,21.5758504327969,4.28071807998180,0.414097602063894,0.410359200612782,305.697470978691,5.55121943393372, 1912.5,"SS021ESF898080952_12BD0R6M1.IMG"
 21,0.588761574074074,21.5768456932493,4.94481839490414,0.420981219837903,0.418330006563902,234.145465736498,4.88383568675631, 1912.5,"SS021ESF898081040_12BD0R6M1.IMG"
 21,0.589756944444446,21.5778409537026,4.25935578597546,0.401432813474416,0.398304763280632,210.517060215045,5.40799931985041, 1912.5,"SS021ESF898081128_12BD0R6M1.IMG"
 21,0.590740740740742,21.5788246413609,5.00064646147251,0.403573811244249,0.401666463565110,188.749326190719,4.62905165675823, 1912.5,"SS021ESF898081216_12BD0R6M1.IMG"
 21,0.591747685185187,21.5798314746121,3.33766816698551,0.388727016909838,0.375699832261324,205.553640238209,6.68822617554220, 1912.5,"SS021ESF898081302_12BD0R6M1.IMG"
 21,0.592731481481483,21.5808151622722,3.03724183404446,0.392168825796842,0.371912793444396,193.278072287880,7.41874650064532, 1912.5,"SS021ESF898081389_12BD0R6M1.IMG"
 21,0.706666666666667,21.6947377722791,2.45244903562069,0.493448987559080,0.437620920990706,346.583950014697,11.6075279052554, 1866.6,"SS021ESF898091504_12C20R6M1.IMG"
 21,0.707673611111112,21.6957446056403,3.49761834335804,0.422588160257579,0.407634554453134,282.837220451271,6.93952702017019, 1866.6,"SS021ESF898091592_12C20R6M1.IMG"
 21,0.708634259259259,21.6967051478132,2.54524150021076,0.493110433346033,0.426257897192240,334.236003341411,11.1710204871762, 1866.6,"SS021ESF898091680_12C20R6M1.IMG"
 21,0.709629629629628,21.6977004083789,3.43555324987888,0.385114500405550,0.374395206448792,332.360543040515,6.43620063794869, 1866.6,"SS021ESF898091768_12C20R6M1.IMG"
 21,0.710625000000000,21.6986956689456,4.23829866759777,0.404728710263968,0.401238264011145,318.028933892463,5.47970725610367, 1866.6,"SS021ESF898091857_12C20R6M1.IMG"
 21,0.711643518518518,21.6997140751077,3.05614364954472,0.415410810940982,0.390653438065768,315.289085069554,7.81219642583527, 1866.6,"SS021ESF898091944_12C20R6M1.IMG"
 21,0.712592592592593,21.7006630444870,3.42168683225155,0.400042357016325,0.386938878460645,314.000038958227,6.71402155007564, 1866.6,"SS021ESF898092032_12C20R6M1.IMG"
 21,0.713599537037037,21.7016698778537,3.13953289007664,0.394365136649371,0.376188113267183,330.853135359965,7.21613857786425, 1866.6,"SS021ESF898092119_12C20R6M1.IMG"
 21,0.714606481481482,21.7026767112214,4.22378375175953,0.407092867712261,0.403373539737940,313.743818065363,5.53081504756749, 1866.6,"SS021ESF898092208_12C20R6M1.IMG"
 21,0.715590277777778,21.7036603989953,3.29585910585880,0.408532915210010,0.391366786097763,309.075026492226,7.12031950716996, 1866.6,"SS021ESF898092295_12C20R6M1.IMG"
 21,0.716550925925926,21.7046209411755,4.16486578195095,0.393027132252454,0.389689273813963,335.303711375869,5.41490508695169, 1866.6,"SS021ESF898092383_12C20R6M1.IMG"
 21,0.717523148148150,21.7055930561538,3.48144403503895,0.385234663309336,0.375316455377817,331.332264165638,6.35299986176832, 1866.6,"SS021ESF898092470_12C20R6M1.IMG"
 21,0.718541666666667,21.7066114623226,4.75175666282177,0.428322601054907,0.423516084903478,308.122576081981,5.17165222244683, 1866.6,"SS021ESF898092557_12C20R6M1.IMG"
 21,0.719513888888891,21.7075835773028,3.75650264384747,0.384510824865104,0.378350091861486,334.350698583593,5.87501267000212, 1866.6,"SS021ESF898092644_12C20R6M1.IMG"
 21,0.720486111111111,21.7085556922839,3.80485390751362,0.383933852192164,0.378307176538705,336.973130762158,5.79136348975005, 1866.6,"SS021ESF898092732_12C20R6M1.IMG"
 21,0.721481481481483,21.7095509528607,2.62411032674312,0.473841453417539,0.413740928047897,340.941465307577,10.4030923488496, 1866.6,"SS021ESF898092818_12C20R6M1.IMG"
 21,0.722453703703703,21.7105230678435,2.23197871738911,0.563144425428629,0.476035856922388,324.328440634801,14.6140858112451, 1866.6,"SS021ESF898092906_12C20R6M1.IMG"
 21,0.723449074074075,21.7115183284222,2.63883505082607,0.466128139403104,0.421210101559401,343.692171285002,10.1742053267659, 1866.6,"SS021ESF898092993_12C20R6M1.IMG"
 21,0.724409722222223,21.7124788706094,2.09672869346142,0.565270164417028,0.466679362882376,346.799108279358,15.6402419820546, 1866.6,"SS021ESF898093081_12C20R6M1.IMG"
 21,0.725428240740740,21.7134972767848,1.89393948821545,0.675141020126104,0.491196409950018,353.088834794749,20.8838365439104, 1866.6,"SS021ESF898093169_12C20R6M1.IMG"
 24,0.616678240740740,24.6044322020633,4.46550192313671,0.423546602466343,0.420456699226143,236.542345388044,5.44260584182459,  969.0,"SS024ESF898349816_12F10R6M1.IMG"
 24,0.617696759259260,24.6054506109039,4.80222508241177,0.434717937823057,0.419478229866742,249.500445262513,5.19376888180055,  969.0,"SS024ESF898349905_12F10R6M1.IMG"
 24,0.618692129629629,24.6064458740898,6.54445367296696,0.488584297303439,0.487115639590502,249.113854746583,4.28147087389968,  969.0,"SS024ESF898349993_12F10R6M1.IMG"
 24,0.619675925925925,24.6074295644488,3.94780961606502,0.420969775751830,0.413607413710354,255.604398757024,6.12130253058222,  969.0,"SS024ESF898350080_12F10R6M1.IMG"
 24,0.620671296296298,24.6084248276365,3.80369042542934,0.421736529518843,0.412390525891064,261.720012449863,6.36579360316030,  969.0,"SS024ESF898350168_12F10R6M1.IMG"
 24,0.621643518518518,24.6093969451694,2.86937616480350,0.496480716695071,0.424630929621936,251.107627506175,9.96388576221879,  969.0,"SS024ESF898350255_12F10R6M1.IMG"
 24,0.622673611111111,24.6104269268421,4.06801066680431,0.399914564721822,0.395546738536597,217.180005388268,5.64169739246230,  969.0,"SS024ESF898350345_12F10R6M1.IMG"
 24,0.623634259259259,24.6113874715490,5.34539955447674,0.440514367419959,0.438301844112158,289.707929960116,4.72710603332634,  969.0,"SS024ESF898350433_12F10R6M1.IMG"
 24,0.624629629629631,24.6123827347400,7.13544535134792,0.513956789805172,0.512697940336943,281.884224488037,4.13051688535431,  969.0,"SS024ESF898350520_12F10R6M1.IMG"
 24,0.625624999999999,24.6133779979320,4.96238506702900,0.430061148464442,0.425330926220177,285.990575909977,4.97172989649281,  969.0,"SS024ESF898350609_12F10R6M1.IMG"
 24,0.626608796296296,24.6143616882969,4.92673673890591,0.434057995526074,0.426085282227278,278.411053584609,5.05445668271256,  969.0,"SS024ESF898350696_12F10R6M1.IMG"
 24,0.627604166666668,24.6153569514906,3.09284101889133,0.443033020030260,0.413183028851748,249.722009709386,8.23564564325464,  969.0,"SS024ESF898350784_12F10R6M1.IMG"
 24,0.628587962962964,24.6163406418572,4.71442986874104,0.424758721916438,0.413123901073693,311.915514404950,5.16922081548915,  969.0,"SS024ESF898350872_12F10R6M1.IMG"
 24,0.629583333333333,24.6173359050526,3.56792317881107,0.425149728190660,0.410959061457872,266.160609033402,6.84356162509529,  969.0,"SS024ESF898350959_12F10R6M1.IMG"
 24,0.630567129629629,24.6183195954210,4.08103785145283,0.409683045860529,0.404647647987604,304.425784687395,5.76145466167147,  969.0,"SS024ESF898351047_12F10R6M1.IMG"
 24,0.631550925925925,24.6193032857901,3.36755630511761,0.427204895314932,0.408207712430716,283.944768842921,7.28812458539971,  969.0,"SS024ESF898351134_12F10R6M1.IMG"
 24,0.632523148148149,24.6202754033323,3.21206932231426,0.429253386722327,0.405983745036840,291.827405878460,7.67984900520858,  969.0,"SS024ESF898351222_12F10R6M1.IMG"
 24,0.633506944444445,24.6212590937032,2.88772484947681,0.494270100734948,0.428466605804682,268.786584341271,9.85541404284135,  969.0,"SS024ESF898351309_12F10R6M1.IMG"
 24,0.634513888888890,24.6222659297307,2.98931018686771,0.485158700871707,0.422941019578218,260.675754704718,9.34029853627914,  969.0,"SS024ESF898351397_12F10R6M1.IMG"
 24,0.635520833333334,24.6232727657591,1.88331556164265,0.741557727335215,0.527553317735910,213.474141574601,23.1881111797165,  969.0,"SS024ESF898351486_12F10R6M1.IMG"
 25,0.425578703703703,25.4132458415313,3.11107526270390,0.439424318221331,0.409250077937365,111.733827563631,8.11990459639216, 4590.0,"SS025ESF898421616_12FF0R6M1.IMG"
 25,0.426608796296296,25.4142758239160,3.67418151801586,0.412323768722296,0.401890576917410,115.303368211020,6.44341643846697, 4590.0,"SS025ESF898421707_12FF0R6M1.IMG"
 25,0.427604166666665,25.4152710877942,3.04374588963032,0.461978704527140,0.416393094995738,104.329087230165,8.73007434135690, 4590.0,"SS025ESF898421796_12FF0R6M1.IMG"
 25,0.428611111111110,25.4162779245091,3.09982191139698,0.454082285135508,0.411109741924524,110.163800654840,8.42337275926847, 4590.0,"SS025ESF898421885_12FF0R6M1.IMG"
 25,0.429618055555554,25.4172847612248,3.74357082658291,0.420733264639616,0.410280999357939,75.8184674109382,6.45300442487461, 4590.0,"SS025ESF898421975_12FF0R6M1.IMG"
 25,0.430613425925927,25.4182800251056,3.85640951528072,0.422198107657194,0.413309867472410,93.4990929496794,6.28531671918636, 4590.0,"SS025ESF898422065_12FF0R6M1.IMG"
 25,0.431655092592592,25.4193215803306,3.19711571650982,0.430470274541616,0.406990824611426,109.548252727251,7.73799532594547, 4590.0,"SS025ESF898422155_12FF0R6M1.IMG"
 25,0.432650462962965,25.4203168442131,3.40587491999149,0.401674092955828,0.388418026585817,131.397998122396,6.77297835145644, 4590.0,"SS025ESF898422246_12FF0R6M1.IMG"
 25,0.433692129629630,25.4213583994398,3.86016699020863,0.422519495741130,0.413898284231424,87.0225030345116,6.28397310640696, 4590.0,"SS025ESF898422338_12FF0R6M1.IMG"
 25,0.434733796296296,25.4223999546675,4.04926143911839,0.419614605225801,0.413511092652559,106.881341829335,5.94809338915132, 4590.0,"SS025ESF898422430_12FF0R6M1.IMG"
 25,0.435763888888889,25.4234299370603,4.14710837505817,0.422332575668573,0.417239957365275,105.915131652441,5.84501155155414, 4590.0,"SS025ESF898422522_12FF0R6M1.IMG"
 25,0.436805555555555,25.4244714922898,3.88868183801174,0.418719105490446,0.410670098284483,104.826188349059,6.18138515624004, 4590.0,"SS025ESF898422612_12FF0R6M1.IMG"
 25,0.441875000000000,25.4295403944200,3.10838590247631,0.434578701442480,0.407589731782675,112.014398764337,8.03676383853145, 4590.0,"SS025ESF898423064_12FF0R6M1.IMG"
 25,0.442916666666665,25.4305819496549,3.40438718880177,0.379188371166467,0.369251089758158,161.473876727546,6.39500347520606, 4590.0,"SS025ESF898423154_12FF0R6M1.IMG"
 25,0.443946759259259,25.4316119320548,2.57497705052853,0.478346608635663,0.424540330607176,160.370359657458,10.7058726232595, 4590.0,"SS025ESF898423245_12FF0R6M1.IMG"
 25,0.444953703703703,25.4326187687837,3.41691846305370,0.389218158937216,0.377793146339178,145.700354850239,6.54070849508007, 4590.0,"SS025ESF898423335_12FF0R6M1.IMG"
 26,0.600358796296295,26.5879008259310,4.42092720787525,0.432761952778103,0.428985404373406,268.571479630797,5.61764618463697, 1020.0,"SS026ESF898525898_13170R6M1.IMG"
 26,0.601365740740739,26.5889076636329,3.06136978218555,0.420612148061991,0.395053689161539,309.313995529777,7.89704422082705, 1020.0,"SS026ESF898525986_13170R6M1.IMG"
 26,0.602326388888891,26.5898682099470,3.13072094379902,0.439376634529352,0.411872680996180,284.464705116851,8.06772913331578, 1020.0,"SS026ESF898526072_13170R6M1.IMG"
 26,0.603298611111111,26.5908403291091,2.71112352786541,0.494137540071248,0.404606640012503,218.569253909967,10.5016016848790, 1020.0,"SS026ESF898526159_13170R6M1.IMG"
 26,0.604293981481483,26.5918355939662,2.32032706188679,0.562183122198343,0.482551356594324,219.731125767348,14.0215104568870, 1020.0,"SS026ESF898526246_13170R6M1.IMG"
 26,0.605289351851852,26.5928308588242,2.42118760715961,0.583133429105998,0.492057577427148,297.180124920619,13.9364792526873, 1020.0,"SS026ESF898526334_13170R6M1.IMG"
 26,0.606249999999999,26.5937914051414,2.59286797175884,0.576191637227773,0.467510966470481,257.041101000476,12.8395601813103, 1020.0,"SS026ESF898526420_13170R6M1.IMG"
 26,0.607210648148147,26.5947519514594,3.94912568596363,0.422542383913279,0.415027434057473,261.876359986309,6.14220215863962, 1020.0,"SS026ESF898526506_13170R6M1.IMG"
 26,0.608194444444443,26.5957356434726,3.50278725556850,0.416018301176786,0.402056516165496,242.304669296752,6.82099358245967, 1020.0,"SS026ESF898526593_13170R6M1.IMG"
 26,0.609166666666667,26.5967077626393,2.97849552552700,0.429304885109664,0.399226012209654,227.623897829789,8.28718113969643, 1020.0,"SS026ESF898526679_13170R6M1.IMG"
 26,0.610138888888891,26.5976798818068,3.64377839601040,0.383700202101468,0.376375987013579,202.253659506751,6.04461456377028, 1020.0,"SS026ESF898526765_13170R6M1.IMG"
 26,0.611111111111111,26.5986520009751,3.11494717849255,0.395806137820959,0.376732661029577,205.073132088527,7.30012227578769, 1020.0,"SS026ESF898526851_13170R6M1.IMG"
 26,0.612094907407407,26.5996356929914,3.53877890627384,0.394510095072985,0.384401152373552,217.577317870723,6.40075253001663, 1020.0,"SS026ESF898526939_13170R6M1.IMG"
 26,0.613078703703703,26.6006193850085,2.84604930268764,0.459570678082228,0.391020602494001,211.749846202084,9.29262014791845, 1020.0,"SS026ESF898527025_13170R6M1.IMG"
 26,0.614027777777778,26.6015683584846,2.40541384185314,0.494358792402029,0.440190118314505,348.030978082026,11.8598957613160, 1020.0,"SS026ESF898527111_13170R6M1.IMG"
 26,0.615023148148147,26.6025636233505,2.77418044213772,0.521494627833128,0.425802994770766,243.274045540435,10.8350107937410, 1020.0,"SS026ESF898527198_13170R6M1.IMG"
 26,0.615983796296295,26.6035241696754,2.96537297349453,0.423231890099287,0.389738864853621,319.257243945403,8.20554219914898, 1020.0,"SS026ESF898527284_13170R6M1.IMG"
 26,0.616967592592594,26.6045078616957,2.56982721179485,0.478222631036519,0.436337276002646,338.000498743177,10.7247674879338, 1020.0,"SS026ESF898527370_13170R6M1.IMG"
 26,0.617928240740742,26.6054684080221,3.09980283792019,0.385760137594939,0.368040877655745,358.097171624841,7.14880274404241, 1020.0,"SS026ESF898527456_13170R6M1.IMG"
 26,0.618900462962962,26.6064405271966,5.10923176484585,0.410643395416976,0.408774194691419,335.198607818733,4.60999609805143, 1020.0,"SS026ESF898527543_13170R6M1.IMG"
 26,0.681145833333332,26.6686793016740,3.01805391639233,0.406887827836751,0.369980650245429,3.51084491743737,7.74809268333072, 1071.0,"SS026ESF898533066_13250R6M1.IMG"
 26,0.682129629629628,26.6696629937469,4.11580879964352,0.386416265196562,0.383078406758069,354.510806570729,5.38719791102754, 1071.0,"SS026ESF898533154_13250R6M1.IMG"
 26,0.683101851851852,26.6706351129726,3.72890332293034,0.381166290709734,0.374852969891786,14.3434076201658,5.86698825432761, 1071.0,"SS026ESF898533240_13250R6M1.IMG"
 26,0.684062500000000,26.6715956593512,4.04128872581959,0.384425947893381,0.380763840349435,353.969516260723,5.45849097899093, 1071.0,"SS026ESF898533326_13250R6M1.IMG"
 26,0.685034722222223,26.6725677785784,5.75103518539906,0.435504718740702,0.434093281458139,16.3119596622115,4.34295594028795, 1071.0,"SS026ESF898533415_13250R6M1.IMG"
 26,0.686041666666668,26.6735746163503,4.83016772591114,0.414142424734354,0.412692840498208,12.7168196147976,4.91862486472683, 1071.0,"SS026ESF898533503_13250R6M1.IMG"
 26,0.687037037037037,26.6745698812751,5.38970724106312,0.418754391422511,0.417171292848826,4.20477383412160,4.45609807898535, 1071.0,"SS026ESF898533591_13250R6M1.IMG"
 26,0.688020833333333,26.6755535733527,5.70489644504070,0.430985258414985,0.429611968086005,348.492719990696,4.33262654845709, 1071.0,"SS026ESF898533679_13250R6M1.IMG"
 26,0.689016203703705,26.6765488382791,4.54606828910351,0.407128153644324,0.404991924243689,331.845735299215,5.13807046452073, 1071.0,"SS026ESF898533767_13250R6M1.IMG"
 26,0.690023148148150,26.6775556760542,5.01243387012958,0.418449215793846,0.405441104622125,18.6327281370606,4.78875350057774, 1071.0,"SS026ESF898533854_13250R6M1.IMG"
 26,0.691006944444446,26.6785393681343,4.60134322484493,0.407831964937925,0.405886470305203,20.2626991830548,5.08498334994761, 1071.0,"SS026ESF898533941_13250R6M1.IMG"
 26,0.691967592592594,26.6794999145190,4.14384681052685,0.387303181867361,0.384060690812826,355.207552033266,5.36295739903105, 1071.0,"SS026ESF898534028_13250R6M1.IMG"
 26,0.692939814814814,26.6804720337526,4.68725016431332,0.406481562781098,0.404860317253828,0.12293424939830,4.97497850542080, 1071.0,"SS026ESF898534114_13250R6M1.IMG"
 26,0.693935185185186,26.6814672986830,6.51534754738331,0.464412480165719,0.463325291988611,359.756589231193,4.08749632578679, 1071.0,"SS026ESF898534201_13250R6M1.IMG"
 26,0.694907407407406,26.6824394179181,6.50701243802548,0.464033871651412,0.462927609997512,355.865586384093,4.08939883806403, 1071.0,"SS026ESF898534288_13250R6M1.IMG"
 26,0.695891203703702,26.6834231100020,7.26112048992634,0.496169819023372,0.495292439090968,0.39933783395728,3.91821162760440, 1071.0,"SS026ESF898534375_13250R6M1.IMG"
 26,0.696886574074075,26.6844183749348,6.53396326073170,0.465686588415384,0.464599400238275,6.46650234690262,4.08703200986943, 1071.0,"SS026ESF898534464_13250R6M1.IMG"
 26,0.697870370370371,26.6854020670204,4.50286686417103,0.399970831478358,0.397968116415263,5.33744976471738,5.09606085347714, 1071.0,"SS026ESF898534551_13250R6M1.IMG"
 26,0.698842592592591,26.6863741862586,5.74132678571224,0.432539746773481,0.431185529921293,0.09911097367160,4.32063991501528, 1071.0,"SS026ESF898534638_13250R6M1.IMG"
 26,0.699826388888887,26.6873578783458,5.25943539457798,0.413556868996858,0.411878403039216,354.309940769648,4.50990400267374, 1071.0,"SS026ESF898534725_13250R6M1.IMG"
 28,0.423587962962962,28.4109380593862,2.17033324039936,0.701778084139108,0.553920492052316,79.7790575359544,18.8656633487706, 3672.0,"SS028ESF898687737_132E0R6M1.IMG"
 28,0.424236111111110,28.4115861397715,2.36154484523296,0.640728653299094,0.505478629371405,95.4755689399353,15.7426861090418, 3672.0,"SS028ESF898687796_132E0R6M1.IMG"
 28,0.424895833333334,28.4122457930212,2.47341078661442,0.575139734982729,0.477731489009141,58.1919279851070,13.4460103690561, 3672.0,"SS028ESF898687853_132E0R6M1.IMG"
 28,0.425520833333334,28.4128707276791,1.20153413373470,1.783118306113000,0.746950752897978,45.9143985623044,180.000000000000, 3672.0,"SS028ESF898687908_132E0R6M1.IMG"
 28,0.426122685185185,28.4134725166092,2.59710228360653,0.574667666432143,0.450766361195327,82.2720050327528,12.7837919812091, 3672.0,"SS028ESF898687963_132E0R6M1.IMG"
 28,0.426759259259260,28.4141090241318,2.46231002312183,0.595603668232203,0.488811271677256,68.4830133408921,13.9980085846801, 3672.0,"SS028ESF898688018_132E0R6M1.IMG"
 28,0.427384259259259,28.4147339587906,2.51178662191868,0.604772288525820,0.474557662471056,84.5075403635282,13.9322123040306, 3672.0,"SS028ESF898688073_132E0R6M1.IMG"
 28,0.427997685185186,28.4153473205857,2.20125134627819,0.686920799392462,0.534485572875738,102.641223135493,18.1833731373747, 3672.0,"SS028ESF898688128_132E0R6M1.IMG"
 28,0.428599537037037,28.4159491095170,2.82037640292644,0.439404291070700,0.401810468314887,132.049716529108,8.96298365578929, 3672.0,"SS028ESF898688183_132E0R6M1.IMG"
 28,0.429236111111113,28.4165856170407,3.27112080646038,0.413971717117072,0.395947281549214,123.042252804764,7.27047606788757, 3672.0,"SS028ESF898688238_132E0R6M1.IMG"
 28,0.429826388888888,28.4171758331085,2.46818465397358,0.607436853233576,0.497401965624094,91.3848248859569,14.2472474342588, 3672.0,"SS028ESF898688293_132E0R6M1.IMG"
 28,0.430462962962963,28.4178123406329,2.25189142715931,0.665019679666758,0.543597926412821,84.9438175786358,17.1764900318125, 3672.0,"SS028ESF898688348_132E0R6M1.IMG"
 28,0.431076388888890,28.4184257024295,3.00571337690830,0.417447858262301,0.391145533766985,39.8095635017100,7.98331875003623, 3672.0,"SS028ESF898688403_132E0R6M1.IMG"
 28,0.431701388888889,28.4190506370904,1.93754145616055,0.837881646153212,0.601256093079329,75.7607734141540,25.6228765638216, 3672.0,"SS028ESF898688458_132E0R6M1.IMG"
 28,0.432314814814816,28.4196639988875,2.80815030430317,0.403793156227350,0.374896838888407,171.325671340666,8.26740722543594, 3672.0,"SS028ESF898688513_132E0R6M1.IMG"
 28,0.432951388888888,28.4203005064131,2.19846661866665,0.634787265278577,0.502569924160719,127.708321354291,16.7825915108545, 3672.0,"SS028ESF898688570_132E0R6M1.IMG"
 28,0.433587962962964,28.4209370139390,3.11168561396122,0.392152613341570,0.374242618634462,153.463322992724,7.23999725502040, 3672.0,"SS028ESF898688625_132E0R6M1.IMG"
 28,0.434224537037036,28.4215735214653,2.80856992079258,0.415372663987398,0.383767912944078,152.333573407338,8.50494219529690, 3672.0,"SS028ESF898688680_132E0R6M1.IMG"
 28,0.434837962962963,28.4221868832636,2.64173421929836,0.472262169539212,0.402663052727461,142.318170245142,10.2981095039930, 3672.0,"SS028ESF898688735_132E0R6M1.IMG"
 28,0.435451388888890,28.4228002450622,2.59818947178364,0.526618717373133,0.421504786775827,129.107541171437,11.6941200999399, 3672.0,"SS028ESF898688790_132E0R6M1.IMG"
 29,0.514768518518519,29.5020049914495,3.49309792935848,0.377711130388975,0.368784743250608,180.646887742420,6.20756990474796, 1285.2,"SS029ESF898784598_13580R6M1.IMG"
 29,0.515347222222221,29.5025836351336,5.36334769613743,0.417169385501146,0.415605360404253,168.463902078358,4.46105929234869, 1285.2,"SS029ESF898784650_13580R6M1.IMG"
 29,0.515972222222221,29.5032085703128,4.50563251830578,0.401940167957068,0.394997422405005,167.706016767866,5.11806729313271, 1285.2,"SS029ESF898784703_13580R6M1.IMG"
 29,0.516539351851851,29.5037756411237,4.27781891150951,0.393181627414465,0.390625781524420,184.041239619054,5.27359561440588, 1285.2,"SS029ESF898784755_13580R6M1.IMG"
 29,0.517106481481481,29.5043427119349,5.41595234512806,0.420066646625758,0.418521695005655,188.623471213312,4.44838525989272, 1285.2,"SS029ESF898784807_13580R6M1.IMG"
 29,0.517708333333335,29.5049445013675,3.61406191916943,0.377674890783071,0.370503263509512,177.963848452475,5.99844659737861, 1285.2,"SS029ESF898784859_13580R6M1.IMG"
 29,0.518310185185186,29.5055462908003,3.61396655178547,0.378547502346278,0.371375875072717,186.494777657250,6.01251618681171, 1285.2,"SS029ESF898784910_13580R6M1.IMG"
 29,0.518877314814816,29.5061133616122,3.29816699655056,0.379923653696776,0.367659408119916,183.946638754999,6.61472043877715, 1285.2,"SS029ESF898784962_13580R6M1.IMG"
 29,0.519479166666667,29.5067151510456,3.11744580395222,0.386852094141245,0.369247275062799,175.830644477560,7.12836018043922, 1285.2,"SS029ESF898785015_13580R6M1.IMG"
 29,0.520057870370369,29.5072937947317,3.19663887959003,0.382285903797389,0.367618400144815,173.594399678335,6.86843838953299, 1285.2,"SS029ESF898785067_13580R6M1.IMG"
 29,0.520636574074075,29.5078724384182,3.07525527328968,0.388061352569819,0.369388418791056,178.073404480773,7.24938598530689, 1285.2,"SS029ESF898785119_13580R6M1.IMG"
 29,0.521226851851854,29.5084626549786,3.44873302234173,0.377610040961980,0.368168669950247,178.472778638667,6.28605524576861, 1285.2,"SS029ESF898785171_13580R6M1.IMG"
 29,0.521817129629628,29.5090528715392,2.98944370120525,0.430023955184699,0.373452023021460,168.845005804830,8.27054524315227, 1285.2,"SS029ESF898785222_13580R6M1.IMG"
 29,0.522384259259258,29.5096199423527,4.68339732200146,0.435337825818776,0.432781979928733,112.642554613425,5.33353847787912, 1285.2,"SS029ESF898785274_13580R6M1.IMG"
 29,0.522974537037037,29.5102101589139,3.77511835719585,0.396084610582114,0.388989277215718,138.415899386003,6.02254511610223, 1285.2,"SS029ESF898785325_13580R6M1.IMG"
 29,0.523553240740739,29.5107888026015,4.25262284866810,0.396156136120082,0.393237894171000,156.705663443141,5.34517949016756, 1285.2,"SS029ESF898785377_13580R6M1.IMG"
 29,0.524166666666666,29.5114021649108,6.41700470104694,0.464645176582575,0.463481694498301,203.520528134829,4.15233074768569, 1285.2,"SS029ESF898785430_13580R6M1.IMG"
 29,0.524733796296296,29.5119692357252,5.22668623492718,0.412949378761053,0.411270912803412,192.113245734863,4.53154071469582, 1285.2,"SS029ESF898785482_13580R6M1.IMG"
 29,0.525324074074074,29.5125594522874,4.24716783430576,0.395864311925174,0.392869776068926,198.664514229682,5.34811076732574, 1285.2,"SS029ESF898785533_13580R6M1.IMG"
 29,0.525891203703704,29.5131265231024,4.59823424812794,0.407504854810954,0.401649297435999,195.985679546532,5.08433846125523, 1285.2,"SS029ESF898785585_13580R6M1.IMG"
 29,0.526469907407407,29.5137051667913,6.20019649035931,0.452450549196005,0.451248920158148,188.615410842626,4.18479801247535, 1285.2,"SS029ESF898785636_13580R6M1.IMG"
 29,0.527048611111113,29.5142838104805,7.66473433230877,0.513947253066778,0.513203387471914,185.449228016052,3.84476727430551, 1285.2,"SS029ESF898785688_13580R6M1.IMG"
 29,0.527627314814815,29.5148624541700,5.78473801888943,0.433584973301649,0.432268903403044,175.958552716898,4.29853674621858, 1285.2,"SS029ESF898785740_13580R6M1.IMG"
 29,0.528240740740742,29.5154758164811,6.42068588206768,0.461529524148703,0.460404189018012,163.181517279787,4.12207040775530, 1285.2,"SS029ESF898785792_13580R6M1.IMG"
 29,0.528796296296296,29.5160313144235,4.29015945099354,0.395419899915933,0.392768686641931,162.612457742543,5.28840300169421, 1285.2,"SS029ESF898785844_13580R6M1.IMG"
 29,0.529386574074074,29.5166215309875,5.15054491557598,0.410744484843969,0.408970651502371,162.683305433644,4.57406785084850, 1285.2,"SS029ESF898785896_13580R6M1.IMG"
 29,0.529965277777777,29.5172001746780,5.32197732497692,0.416779332900763,0.415158087373496,166.500600373607,4.49159618127456, 1285.2,"SS029ESF898785948_13580R6M1.IMG"
 29,0.530578703703704,29.5178135369902,6.05828982303143,0.445889273179770,0.444668570665121,166.374009862154,4.22077774054191, 1285.2,"SS029ESF898786000_13580R6M1.IMG"
 29,0.531157407407406,29.5183921806812,7.31189408514500,0.508664853669405,0.507653959399462,219.235617969970,3.98910430367533, 1285.2,"SS029ESF898786051_13580R6M1.IMG"
 29,0.531724537037036,29.5189592514986,5.75431582340717,0.434829517662287,0.433437153856515,194.572096653655,4.33373290368951, 1285.2,"SS029ESF898786103_13580R6M1.IMG"
 29,0.532314814814814,29.5195494680639,6.35961260938168,0.458113464455366,0.456988129324675,170.871656454524,4.13086818516326, 1285.2,"SS029ESF898786157_13580R6M1.IMG"
 29,0.532905092592593,29.5201396846295,4.40172021674633,0.396992508077383,0.394818131723166,176.547633722055,5.17455553972901, 1285.2,"SS029ESF898786209_13580R6M1.IMG"
 29,0.533506944444444,29.5207414740692,3.91429751734257,0.384179900042772,0.379545045182467,191.000512516768,5.63252561038323, 1285.2,"SS029ESF898786261_13580R6M1.IMG"
 29,0.534097222222222,29.5213316906353,4.57368668349743,0.405209361879110,0.398075881559135,164.151163180927,5.08282877626851, 1285.2,"SS029ESF898786312_13580R6M1.IMG"
 29,0.534675925925924,29.5219103343278,4.20207813517094,0.397634330571413,0.394258325179339,205.554446311210,5.42991043482575, 1285.2,"SS029ESF898786364_13580R6M1.IMG"
 29,0.535231481481482,29.5224658322729,6.35038104661465,0.457575592409848,0.456469330755950,168.418895841784,4.13201811908578, 1285.2,"SS029ESF898786416_13580R6M1.IMG"
 29,0.535844907407409,29.5230791945875,5.59985880835056,0.426896858664751,0.425485421382189,183.160772250117,4.37209980589245, 1285.2,"SS029ESF898786468_13580R6M1.IMG"
 29,0.536400462962963,29.5236346925330,4.26893067132473,0.396647278147459,0.393843477059125,198.585186569296,5.33132167123260, 1285.2,"SS029ESF898786520_13580R6M1.IMG"
 29,0.537037037037038,29.5242712005959,3.92129748332500,0.416306310676335,0.409058389495612,243.190510925460,6.09431724965647, 1285.2,"SS029ESF898786572_13580R6M1.IMG"
 29,0.537604166666668,29.5248382714159,4.99080454744816,0.432035253312349,0.429059790932892,278.708585165792,4.96609663315017, 1285.2,"SS029ESF898786624_13580R6M1.IMG"
 29,0.538171296296298,29.5254053422360,4.55011186618328,0.427872467002632,0.425068665914296,236.881663739543,5.39581486634491, 1285.2,"SS029ESF898786676_13580R6M1.IMG"
 29,0.538773148148149,29.5260071316781,4.23564745432377,0.427102852214098,0.422353556493045,281.499086665597,5.78727374058661, 1285.2,"SS029ESF898786728_13580R6M1.IMG"
 29,0.539375000000000,29.5266089211205,2.52405086749554,0.589211192485571,0.480797550403356,251.540363505750,13.4996082564131, 1285.2,"SS029ESF898786780_13580R6M1.IMG"
 29,0.539953703703702,29.5271875648153,3.62451418445110,0.390023059657812,0.381726097253561,210.166900144066,6.17738728907443, 1285.2,"SS029ESF898786832_13580R6M1.IMG"
 29,0.540509259259260,29.5277430627625,3.55274069128513,0.416799360051393,0.403810322356463,242.808430403445,6.73732446097054, 1285.2,"SS029ESF898786884_13580R6M1.IMG"
 29,0.541134259259259,29.5283679979535,5.40061726978779,0.445640364307640,0.443408767523051,257.606194136885,4.73323249996574, 1285.2,"SS029ESF898786936_13580R6M1.IMG"
 29,0.541724537037037,29.5289582145230,4.65953640253544,0.439618867684603,0.432447240411044,255.227489322858,5.41380586383665, 1285.2,"SS029ESF898786990_13580R6M1.IMG"
 29,0.542314814814816,29.5295484310927,3.76315928724766,0.414541060399294,0.405290424155473,241.965906854549,6.32440771679068, 1285.2,"SS029ESF898787042_13580R6M1.IMG"
 29,0.542881944444446,29.5301155019149,3.31434130486965,0.433127209858657,0.411764915852307,280.066682410711,7.50904713817274, 1285.2,"SS029ESF898787094_13580R6M1.IMG"
 29,0.543483796296297,29.5307172913591,4.59186370687962,0.421701243586779,0.414720351081131,311.025182537046,5.26927533673914, 1285.2,"SS029ESF898787146_13580R6M1.IMG"
 29,0.544050925925927,29.5312843621818,4.13366157392025,0.418112568928481,0.412962730194806,240.850118157221,5.80529473231724, 1285.2,"SS029ESF898787198_13580R6M1.IMG"
 29,0.544652777777777,29.5318861516265,3.24201468087673,0.429453658228636,0.407042322998762,244.472773755316,7.61206182590059, 1285.2,"SS029ESF898787250_13580R6M1.IMG"
 29,0.545231481481480,29.5324647953236,2.75651840262890,0.502739678104162,0.416546636483908,231.106866871103,10.5085425754692, 1285.2,"SS029ESF898787302_13580R6M1.IMG"
 29,0.545833333333334,29.5330665847689,2.89865395167828,0.468647745687248,0.400021376191855,221.974982303992,9.30429019035193, 1285.2,"SS029ESF898787356_13580R6M1.IMG"
 29,0.546435185185185,29.5336683742144,5.86700192429066,0.441951553896189,0.440597337044001,202.756907821436,4.32008854302474, 1285.2,"SS029ESF898787408_13580R6M1.IMG"
 29,0.547002314814815,29.5342354450384,8.43799215490818,0.546525705100300,0.541928997193576,193.685768278741,3.71362655332110, 1285.2,"SS029ESF898787460_13580R6M1.IMG"
 29,0.547615740740742,29.5348488073584,6.71624847842694,0.477566503434897,0.476479315257787,204.066161960429,4.07752269379607, 1285.2,"SS029ESF898787512_13580R6M1.IMG"
 29,0.548182870370372,29.5354158781828,5.65726997349262,0.436939044195413,0.435375019098521,210.824203543296,4.42964893537102, 1285.2,"SS029ESF898787564_13580R6M1.IMG"
 29,0.548784722222223,29.5360176676294,5.30910272814274,0.429601477673769,0.427617836087464,224.325354425171,4.64132896337970, 1285.2,"SS029ESF898787616_13580R6M1.IMG"
 29,0.549340277777777,29.5365731655804,3.77580500236034,0.411072548644782,0.402508557565450,237.291383175774,6.25019017351875, 1285.2,"SS029ESF898787668_13580R6M1.IMG"
 29,0.549953703703704,29.5371865279015,5.64056160782337,0.429237174267054,0.427825736984491,186.971120292740,4.36433087444430, 1285.2,"SS029ESF898787720_13580R6M1.IMG"
 29,0.550520833333334,29.5377535987269,7.37027799760342,0.502314339571714,0.501456033116102,195.320586298991,3.90796916155780, 1285.2,"SS029ESF898787772_13580R6M1.IMG"
 29,0.551122685185185,29.5383553881746,5.72414158312321,0.432767674821138,0.431375311015367,193.247620316342,4.33592422517800, 1285.2,"SS029ESF898787824_13580R6M1.IMG"
 29,0.551689814814814,29.5389224590005,4.38665217008114,0.399061980309248,0.396735016140700,194.830358349655,5.21952089915505, 1285.2,"SS029ESF898787876_13580R6M1.IMG"
 29,0.552291666666665,29.5395242484487,4.33420010890484,0.399853529596092,0.397183242845296,201.842715969149,5.29337413273029, 1285.2,"SS029ESF898787928_13580R6M1.IMG"
 29,0.552858796296295,29.5400913192751,5.14524248902798,0.416182333077190,0.414217764967681,209.960447706706,4.63954232095316, 1285.2,"SS029ESF898787980_13580R6M1.IMG"
 29,0.553460648148150,29.5406931087238,4.50626194303989,0.405824481505633,0.403764546012164,201.288655025649,5.16693796721881, 1285.2,"SS029ESF898788032_13580R6M1.IMG"
 29,0.554039351851852,29.5412717524248,3.39963789308071,0.381258797072172,0.370501356161833,193.717378298729,6.43908888157761, 1285.2,"SS029ESF898788084_13580R6M1.IMG"
 29,0.554652777777779,29.5418851147480,4.83949465606213,0.406903086618186,0.395287339252232,181.733614054317,4.82310407178640, 1285.2,"SS029ESF898788136_13580R6M1.IMG"
 29,0.555243055555554,29.5424753313235,4.65169720357418,0.406801997191191,0.397303405749082,169.888052550600,5.01706127776297, 1285.2,"SS029ESF898788190_13580R6M1.IMG"
 29,0.555810185185184,29.5430424021512,3.77323008299351,0.379262757725955,0.373750522933244,179.584090381173,5.76877435996100, 1285.2,"SS029ESF898788242_13580R6M1.IMG"
 29,0.556423611111111,29.5436557644753,3.61923083137989,0.386363813135386,0.378372026359797,205.048013493587,6.12817482987600, 1285.2,"SS029ESF898788294_13580R6M1.IMG"
 29,0.557002314814813,29.5442344081775,3.43999736997127,0.387415715380430,0.376524760132551,205.395304334424,6.46642307830581, 1285.2,"SS029ESF898788346_13580R6M1.IMG"
 29,0.557592592592592,29.5448246247540,3.63773210386753,0.383188079249620,0.375730349824191,199.152840161245,6.04658754766898, 1285.2,"SS029ESF898788398_13580R6M1.IMG"
 29,0.558171296296298,29.5454032684568,5.31591195935726,0.416514211573361,0.414873892569304,164.367040578734,4.49386521959268, 1285.2,"SS029ESF898788450_13580R6M1.IMG"
 29,0.558750000000000,29.5459819121598,5.10185032932758,0.406688510004282,0.404914676662681,171.234762771227,4.57212228004576, 1285.2,"SS029ESF898788503_13580R6M1.IMG"
 29,0.559340277777778,29.5465721287371,3.47799173573971,0.377222849383115,0.368239241814375,176.785277387682,6.22654669960965, 1285.2,"SS029ESF898788556_13580R6M1.IMG"
 29,0.559976851851850,29.5472086368109,3.86827321784496,0.381039452089071,0.376290156368017,177.187830495661,5.65301676647217, 1285.2,"SS029ESF898788610_13580R6M1.IMG"
 29,0.560567129629629,29.5477988533888,6.90904318183422,0.481980105964421,0.481007358648062,190.491950002013,4.00024620676914, 1285.2,"SS029ESF898788662_13580R6M1.IMG"
 29,0.561134259259259,29.5483659242187,5.68683386251927,0.431550787001849,0.430139349719285,191.675570476916,4.35212854730702, 1285.2,"SS029ESF898788714_13580R6M1.IMG"
 29,0.561747685185186,29.5489792865453,6.12804152765751,0.454450403237583,0.453153406815766,208.697291029962,4.25291109320168, 1285.2,"SS029ESF898788766_13580R6M1.IMG"
 29,0.562303240740739,29.5495347845016,5.57151562183857,0.432842061380625,0.431239889330148,209.465991952985,4.45570643490615, 1285.2,"SS029ESF898788819_13580R6M1.IMG"
 29,0.562928240740742,29.5501597197028,5.72841404192448,0.439313692055939,0.437787813912631,210.369296000376,4.39834813932743, 1285.2,"SS029ESF898788871_13580R6M1.IMG"
 29,0.563495370370369,29.5507267905338,4.94043149524212,0.424195100677252,0.407353220670462,209.688215891058,4.92559239904289, 1285.2,"SS029ESF898788924_13580R6M1.IMG"
 29,0.564097222222223,29.5513285799873,5.31173486793995,0.416629606107951,0.414989287103890,193.011716687781,4.49865498511766, 1285.2,"SS029ESF898788976_13580R6M1.IMG"
 29,0.564710648148147,29.5519419423152,4.49079335336208,0.403506100401640,0.401350797524215,197.199862571910,5.15508431361992, 1285.2,"SS029ESF898789030_13580R6M1.IMG"
 29,0.565277777777776,29.5525090131469,5.18653656628132,0.410426911455393,0.408710298544168,175.500534678116,4.53874020468970, 1285.2,"SS029ESF898789083_13580R6M1.IMG"
 29,0.565891203703703,29.5531223754753,3.69930128695011,0.379037690699817,0.372724369881868,185.092851961971,5.88095927583365, 1285.2,"SS029ESF898789136_13580R6M1.IMG"
 29,0.566493055555554,29.5537241649299,3.90962451552868,0.390412158584357,0.385186025943517,205.671621064464,5.73106533087030, 1285.2,"SS029ESF898789188_13580R6M1.IMG"
 29,0.567071759259260,29.5543028086365,3.88748020897388,0.385719129619837,0.380760025654077,197.157537963858,5.69430590988778, 1285.2,"SS029ESF898789241_13580R6M1.IMG"
 29,0.567673611111111,29.5549045980917,3.35067627815723,0.386916943962335,0.374500110571145,202.305938343914,6.63098176772569, 1285.2,"SS029ESF898789293_13580R6M1.IMG"
 29,0.568252314814814,29.5554832417988,2.92703528514385,0.459862502277136,0.402508557565451,226.008714479748,9.03911038569685, 1285.2,"SS029ESF898789346_13580R6M1.IMG"
 29,0.568888888888889,29.5561197498769,6.04556781401157,0.470792558152437,0.469075945241213,257.896592988032,4.46637369448126, 1285.2,"SS029ESF898789400_13580R6M1.IMG"
 29,0.569444444444443,29.5566752478362,5.90930689581394,0.465352802571535,0.463559895753146,255.605366608527,4.51666956534491, 1285.2,"SS029ESF898789453_13580R6M1.IMG"
 29,0.570057870370370,29.5572886101666,4.89440719574451,0.435054584688424,0.422523310436487,245.857319367289,5.09964386874475, 1285.2,"SS029ESF898789506_13580R6M1.IMG"
 29,0.570659722222221,29.5578903996231,5.98554358254910,0.460543425398588,0.458941253348112,234.523678009498,4.41284904238246, 1285.2,"SS029ESF898789558_13580R6M1.IMG"
 29,0.571238425925927,29.5584690433315,4.93512906869411,0.427134323450801,0.418532185417891,233.592020617939,4.96514905928964, 1285.2,"SS029ESF898789611_13580R6M1.IMG"
 29,0.571851851851854,29.5590824056627,5.12653140829563,0.413492019175766,0.411565598019838,204.158133460297,4.62634652640746, 1285.2,"SS029ESF898789663_13580R6M1.IMG"
 29,0.572418981481480,29.5596494764974,5.04392418031216,0.421320727724789,0.418936543125868,227.278795805661,4.79151928647390, 1285.2,"SS029ESF898789716_13580R6M1.IMG"
 29,0.573032407407407,29.5602628388292,3.82474754380703,0.404536068148374,0.397326293921232,227.889208695136,6.07141867908284, 1285.2,"SS029ESF898789768_13580R6M1.IMG"
 29,0.716354166666665,29.7035697475737,5.64626457738400,0.430628584398985,0.429198073639631,341.151044499534,4.37407470223701, 1412.7,"SS029ESF898802492_13630R6M1.IMG"
 29,0.716967592592592,29.7041831099715,5.61183695177555,0.428830909211398,0.427362251498460,345.152811078420,4.38255364280361, 1412.7,"SS029ESF898802544_13630R6M1.IMG"
 29,0.717592592592592,29.7048080452451,6.10212067269802,0.448996342549086,0.447756566557647,341.588226840269,4.21965853105520, 1412.7,"SS029ESF898802600_13630R6M1.IMG"
 29,0.718171296296298,29.7053866890171,5.95742927775860,0.442143242337943,0.440865319392919,347.060281988900,4.25624120456645, 1412.7,"SS029ESF898802653_13630R6M1.IMG"
 29,0.718773148148149,29.7059884785403,5.23462080127239,0.413346107078313,0.411629494167090,346.461942310240,4.52901353857193, 1412.7,"SS029ESF898802705_13630R6M1.IMG"
 29,0.719351851851851,29.7065671223129,5.86761227554798,0.438739580404521,0.437404437029123,347.763807679575,4.28818549038271, 1412.7,"SS029ESF898802758_13630R6M1.IMG"
 29,0.719953703703705,29.7071689118367,6.07894639839649,0.447131910192728,0.445892134201288,350.264661748646,4.21815337741984, 1412.7,"SS029ESF898802810_13630R6M1.IMG"
 29,0.720543981481480,29.7077591284852,4.69493677546024,0.407647905886890,0.406026660359621,356.086391210605,4.98110047520838, 1412.7,"SS029ESF898802863_13630R6M1.IMG"
 29,0.721145833333335,29.7083609180095,5.20358825453281,0.412519271859409,0.410764511994599,350.417408846178,4.54694710271054, 1412.7,"SS029ESF898802915_13630R6M1.IMG"
 29,0.721724537037037,29.7089395617831,5.57729488530636,0.427008438503979,0.425558854267837,347.145796884665,4.39097216063801, 1412.7,"SS029ESF898802968_13630R6M1.IMG"
 29,0.722303240740740,29.7095182055570,6.84354486253262,0.478819630860090,0.477846883543730,351.837541101981,4.01206937999465, 1412.7,"SS029ESF898803021_13630R6M1.IMG"
 29,0.722928240740743,29.7101431408330,5.68364859189510,0.430914686550854,0.429522322745086,352.147967864080,4.34814135917513, 1412.7,"SS029ESF898803076_13630R6M1.IMG"
 29,0.723530092592593,29.7107449303584,5.22205138006687,0.413327987275363,0.411573227410555,348.096959730677,4.53973823525324, 1412.7,"SS029ESF898803129_13630R6M1.IMG"
 29,0.724143518518517,29.7113582927595,6.49978359032154,0.464454441814661,0.463348180160762,349.100975912992,4.09767151683943, 1412.7,"SS029ESF898803181_13630R6M1.IMG"
 29,0.724722222222223,29.7119369365344,6.33353916660786,0.457458290527583,0.456332955396892,346.835762315003,4.14196103180984, 1412.7,"SS029ESF898803234_13630R6M1.IMG"
 29,0.725312500000001,29.7125271531851,5.83755247612476,0.436874194374323,0.435558124475717,352.169147979897,4.29194810916352, 1412.7,"SS029ESF898803286_13630R6M1.IMG"
 29,0.725891203703704,29.7131057969605,5.05733283449650,0.406045733836412,0.404195606587649,349.352358459106,4.60514966818344, 1412.7,"SS029ESF898803339_13630R6M1.IMG"
 29,0.726493055555554,29.7137075864872,4.60176284133434,0.404324352555990,0.402569592691182,352.746249378564,5.04067471374891, 1412.7,"SS029ESF898803392_13630R6M1.IMG"
 29,0.727118055555554,29.7143325217652,4.75654410549641,0.410270508945703,0.408744630802392,353.088759488726,4.94813324034836, 1412.7,"SS029ESF898803445_13630R6M1.IMG"
 29,0.727719907407408,29.7149343112924,4.95096005443096,0.418560795633078,0.403073132478475,351.000543937717,4.84965063362679, 1412.7,"SS029ESF898803500_13630R6M1.IMG"
